2 0.203125 0.1875 0.215625 0.20416666718749998 0.234375 0.2104166671875 0.253125 0.20208333281250002 0.2484375 0.175 0.2625 0.14791666718750002 0.265625 0.11875 0.2609375 0.075 0.253125 0.0645833328125 0.240625 0.0645833328125 0.2125 0.0958333328125 0.2 0.14791666718750002 0.203125 0.1875
2 0 0.40416666718750005 0.028125 0.3958333328125 0.053125 0.3770833328125 0.0640625 0.3625 0.0640625 0.35 0.0515625 0.3375 0.0375 0.35625 0 0.36666666718749996 0 0.40416666718750005
2 0 0.43125 0.0515625 0.42291666718750004 0.084375 0.4 0.084375 0.3770833328125 0.0640625 0.35208333281250004 0.0640625 0.3645833328125 0.04375 0.3854166671875 0.0203125 0.4 0 0.40208333281249997 0 0.43125
0 0.3640625 0.0458333328125 0.3828125 0.025 0.3890625 0.0020833328125000002 0.3015625 0 0.2984375 0.0375 0.3234375 0.05 0.3640625 0.0458333328125
0 0.253125 0.5229166671875001 0.25625 0.5604166671875 0.275 0.5854166671875001 0.290625 0.59375 0.365625 0.5916666671875 0.3921875 0.5479166671875 0.396875 0.5270833328125 0.39375 0.49375 0.38125 0.46458333281249997 0.3671875 0.45 0.325 0.4458333328125 0.2890625 0.45416666718750004 0.265625 0.4791666671875 0.253125 0.5229166671875001
0 0.2984375 0.6979166671875 0.2953125 0.7375 0.3078125 0.76875 0.3390625 0.8 0.371875 0.8104166671874999 0.4078125 0.8083333328125001 0.4421875 0.7895833328124999 0.45625 0.7708333328125 0.4703125 0.7354166671875 0.4703125 0.6979166671875 0.45625 0.6625 0.4375 0.6375 0.4078125 0.6229166671875 0.378125 0.6208333328125 0.3421875 0.63125 0.3109375 0.6645833328124999 0.2984375 0.6979166671875
0 0.3484375 0.8416666671874999 0.4 0.84375 0.425 0.825 0.44375 0.7979166671875 0.440625 0.7875 0.434375 0.7875 0.39375 0.8104166671874999 0.3515625 0.8083333328125001 0.303125 0.76875 0.3015625 0.7875 0.309375 0.8041666671875 0.3484375 0.8416666671874999
0 0.3484375 0.8833333328125 0.3765625 0.8875 0.4109375 0.8791666671874999 0.4484375 0.84375 0.4578125 0.8229166671874999 0.45625 0.775 0.43125 0.81875 0.4015625 0.8416666671874999 0.346875 0.8416666671874999 0.3109375 0.80625 0.296875 0.775 0.3015625 0.8333333328125001 0.3234375 0.8666666671875 0.3484375 0.8833333328125
0 0.35625 0.9333333328125001 0.409375 0.9333333328125001 0.4515625 0.875 0.4484375 0.8625 0.440625 0.8625 0.4015625 0.8854166671874999 0.353125 0.8916666671875 0.3375 0.8833333328125 0.3 0.8395833328125001 0.3015625 0.88125 0.3125 0.9041666671874999 0.325 0.9208333328125 0.35625 0.9333333328125001
2 0.0296875 0.253125 0.05859375 0.121875
2 0.03515625 0.30546875 0.0703125 0.08515625