2 0.23764531249999998 0.3745145828125 0.2401890625 0.3745145828125 0.24345937499999998 0.3827520828125 0.246365625 0.3827520828125 0.2605375 0.3827520828125 0.264534375 0.3822666671875 0.2765265625 0.3798458328125 0.2805234375 0.37596875 0.282703125 0.3687020828125 0.279796875 0.36095 0.2750734375 0.3570729171875 0.26816874999999996 0.3561041671875 0.260175 0.3561041671875 0.2550875 0.3575583328125 0.2496359375 0.3590125 0.2412796875 0.36191874999999996 0.2340109375 0.3643416671875 0.23146874999999997 0.3662791671875 0.230740625 0.3735458328125 0.23764531249999998 0.3745145828125
0 0.35755781249999996 0.3837208328125 0.3699125 0.3827520828125 0.376090625 0.3812979171875 0.3811765625 0.37596875 0.38045 0.3667645828125 0.37754374999999996 0.36579375000000003 0.37136562500000003 0.3653104171875 0.3662796875 0.3667645828125 0.36119218750000004 0.3677333328125 0.3535609375 0.36918541718750003 0.34629374999999996 0.37306249999999996 0.3444765625 0.3803291671875 0.3459296875 0.385175 0.35755781249999996 0.3837208328125
2 0.6271796875 0.4447666671875 0.635175 0.46172500000000005 0.652253125 0.46366250000000003 0.67441875 0.4641479171875 0.68495625 0.4602708328125 0.6936765625 0.4457354171875 0.701671875 0.4302333328125 0.7053046875 0.4249020828125 0.7023984375000001 0.4147291671875 0.691496875 0.4098833328125 0.6769624999999999 0.4098833328125 0.67441875 0.41133749999999997 0.6493453125 0.4127916671875 0.6337203125 0.41908958281249997 0.62790625 0.427325 0.6271796875 0.4447666671875
2 0.779440625 0.3594958328125 0.7881609375 0.3614333328125 0.7936124999999999 0.36240208281249997 0.817565625 0.3662791671875 0.8295562500000001 0.36385625 0.836096875 0.35998125000000003 0.8415484375 0.3522291671875 0.8459078124999999 0.3430229171875 0.8459078124999999 0.33817916718749996 0.84481875 0.3328479171875 0.8353703124999999 0.3294583328125 0.82446875 0.3284875 0.8102984375 0.3294583328125 0.7964890625 0.33091041718750003 0.788859375 0.3318791671875 0.7787140625 0.336725 0.7750796875 0.3469 0.7765328125 0.35513541718749997 0.779440625 0.3594958328125
2 0.8342812500000001 0.4733520828125 0.8444546875000001 0.48207291718749995 0.8535390625 0.4796520828125 0.8651671875 0.4762604171875 0.8847890625 0.4752916671875 0.8967812500000001 0.47480625 0.9044109375 0.47432083281250004 0.9196953125 0.4777125 0.9320499999999999 0.4791666671875 0.9396796875 0.4694770828125 0.9396796875 0.4578479171875 0.9393171875 0.44622083281249997 0.9302328125000001 0.43701458281249994 0.920784375 0.433625 0.9087937500000001 0.4321708328125 0.891715625 0.4302333328125 0.8724343749999999 0.42877916718750003 0.8491781250000001 0.4321708328125 0.8317375 0.4423458328125 0.8288296875000001 0.45542708281250005 0.8342812500000001 0.4733520828125
2 0.9436765625 0.45203541718749995 0.9418609375000001 0.46463124999999994 0.9462203125 0.47674374999999997 0.9625734375 0.48934166718750005 0.9778343749999999 0.49563958281250003 0.9956390624999999 0.49903125 0.9984375 0.49903125 0.9984375 0.43313958281250003 0.9984375 0.4321708328125 0.9851015625 0.43410833281250005 0.96584375 0.43701458281249994 0.9545781249999999 0.4428291671875 0.9436765625 0.45203541718749995
2 0.8840843749999999 0.36385625 0.8717296875 0.3662791671875 0.8659156250000001 0.37887499999999996 0.8684593749999999 0.39341041718750003 0.8782703125 0.399225 0.89825625 0.40213124999999994 0.9193312499999999 0.40455416718750004 0.9400437500000001 0.40746041718750003 0.9513078125 0.40794583281249996 0.9625734375 0.40794583281249996 0.96875 0.40309999999999996 0.9702031249999999 0.38905 0.9651156249999999 0.37693750000000004 0.9367734375 0.37887499999999996 0.9164249999999999 0.3745145828125 0.8978921874999999 0.3706395828125 0.8840843749999999 0.36385625
2 0.8920781249999999 0.3270354171875 0.878996875 0.3270354171875 0.8713656249999999 0.33381875 0.8691859375 0.3469 0.8724562499999999 0.35998125000000003 0.8804500000000001 0.3662791671875 0.8968015625 0.3682166671875 0.9084296875 0.37112500000000004 0.922965625 0.37306249999999996 0.9436765625 0.37596875 0.9614828125000001 0.3764541671875 0.97165625 0.3745145828125 0.97674375 0.364825 0.97674375 0.3585270828125 0.9734734375 0.34593124999999997 0.96111875 0.3372083328125 0.9436765625 0.33769375 0.9193312499999999 0.33575625 0.9044328125 0.3313958328125 0.8920781249999999 0.3270354171875
2 0.9756546875 0.34932083281250004 0.9771078125000001 0.35658958281249997 0.9811046875 0.36337291718750003 0.9821953125 0.36579375000000003 0.9909156250000001 0.364825 0.9984375 0.3628875 0.9984375 0.35513541718749997 0.9984375 0.33817916718749996 0.99236875 0.3362395828125 0.9836484375 0.336725 0.9774703125 0.3425395828125 0.9756546875 0.34932083281250004
2 0.9880093750000001 0.3129854171875 0.9956390624999999 0.3207354171875 0.9984375 0.3212208328125 0.9984375 0.2936041671875 0.9945499999999999 0.2936041671875 0.988371875 0.29748125000000003 0.9869187500000001 0.3071708328125 0.9880093750000001 0.3129854171875
1 0.832121875 0.3905041671875 0.839753125 0.4016479171875 0.8535609375 0.4137604171875 0.8753640624999999 0.42345 0.9037062499999999 0.4278104171875 0.9204218750000001 0.4316854171875 0.949128125 0.43313958281250003 0.9738374999999999 0.43410833281250005 0.9811046875 0.4312020828125 0.9938234375 0.4219958328125 0.9930953125 0.41036875000000006 0.9811046875 0.40309999999999996 0.9672968750000001 0.3914729171875 0.9545781249999999 0.38662708281249997 0.925871875 0.385175 0.9469484375 0.17829375 0.969840625 0.17829375 0.952034375 0.14631875 0.9367734375 0.1448645828125 0.9109734375 0.1729645828125 0.9327765625 0.17441875 0.9106109375000001 0.3827520828125 0.8775437500000001 0.3798458328125 0.8324859375000001 0.3812979171875 0.832121875 0.3905041671875
0 0.785246875 0.4312020828125 0.7910609375 0.44912708281249997 0.8125 0.4568791671875 0.827034375 0.45930208281249996 0.8335750000000001 0.4530041671875 0.8372093749999999 0.43701458281249994 0.8502906250000001 0.43071666718749996 0.8680953125 0.42877916718750003 0.8688234375 0.42877916718750003 0.8731828125 0.427325 0.8735468750000001 0.42248125 0.8648250000000001 0.41957291718749995 0.8561046875 0.41618125 0.8481109375000001 0.4127916671875 0.8208578125000001 0.4064916671875 0.8012359375000001 0.40794583281249996 0.7819765624999999 0.4166666671875 0.785246875 0.4312020828125
0 0.844840625 0.41860416718750004 0.8597390624999999 0.4210270828125 0.8575578125 0.41036875000000006 0.8455671875 0.4055229171875 0.8343015625 0.39001874999999997 0.8335750000000001 0.38905 0.8284890624999999 0.38614375 0.8230375000000001 0.3895354171875 0.8194046875 0.3987395828125 0.8248546875 0.41036875000000006 0.844840625 0.41860416718750004
0 0.8840843749999999 0.3187979171875 0.9018890624999999 0.3246125 0.9251453125 0.3284875 0.9436765625 0.3328479171875 0.9585750000000001 0.33575625 0.9749265625 0.3372083328125 0.9847390624999999 0.3352708328125 0.99200625 0.31540625 0.9825578125 0.3003875 0.8942593750000001 0.2858520828125 0.8848109375 0.2960270828125 0.8837203125 0.3071708328125 0.8840843749999999 0.3187979171875
0 0.8931687500000001 0.28536875 0.9796515625 0.29990208281249997 0.9901890625 0.29941874999999996 0.9974562499999999 0.2916666671875 0.9984375 0.2766479171875 0.9927328125000001 0.2621125 0.9781984375 0.25387499999999996 0.954215625 0.25096875 0.9269624999999999 0.24709374999999997 0.8997093749999999 0.2504854171875 0.894621875 0.2562979171875 0.8873546875 0.26986458281250003 0.8931687500000001 0.28536875
0 0.8968015625 0.2480625 0.90915625 0.2495145828125 0.9887359375000001 0.2606583328125 0.9956390624999999 0.24418541718750003 0.9938234375 0.23062083281249998 0.9880093750000001 0.22141458281249998 0.9651156249999999 0.21463125 0.9255093750000001 0.21075624999999998 0.9037062499999999 0.20930208281249998 0.8957124999999999 0.2156 0.8924421875 0.2219 0.8913515625 0.2354645828125 0.8968015625 0.2480625
0 0.9851015625 0.40746041718750003 0.9963656249999999 0.41036875000000006 0.9984375 0.4060083328125 0.9984375 0.3905041671875 0.9952765625 0.3846895828125 0.9861921875 0.3812979171875 0.969840625 0.3812979171875 0.9712937500000001 0.3958333328125 0.9774703125 0.40067916718749996 0.9851015625 0.40746041718750003
0 0.8739578124999999 0.5458333328125 0.9208328124999999 0.5527770828125 0.9479171875000001 0.54444375 0.9541671875000001 0.5263895828125 0.953125 0.5083333328124999 0.9479171875000001 0.49444375 0.9239578125 0.4791666671875 0.896875 0.4777770828125 0.8635421875 0.47638958281250005 0.8364578125 0.48888958281250006 0.8302078125 0.5097229171875 0.8375 0.5361104171875 0.8739578124999999 0.5458333328125
3 0.94140625 0.1625 0.05703125 0.0375
4 0.70234375 0.15234375 0.01328125 0.0140625
3 0.0109375 0.0515625 0.021875 0.034375