1 0.2712046875 0.63988125 0.3013390625 0.7410708328125 0.376115625 0.67410625 0.389509375 0.6026791671875 0.5993296875 0.7172625 0.6049109374999999 0.7782729171875 0.6506703125 0.75 0.6584828125 0.7083333328125 0.6350453125 0.6488104171875 0.6127234374999999 0.6815479171875001 0.40401718750000004 0.5639875 0.422990625 0.49256041718750004 0.405134375 0.4077375 0.3381703125 0.45238125 0.2712046875 0.63988125
1 0.397321875 0.5877979171875001 0.469865625 0.6205354171875 0.546875 0.5982145828125 0.5669640625000001 0.5401791671875 0.522321875 0.51785625 0.46875 0.51339375 0.46317031249999996 0.2797625 0.491071875 0.2767854171875 0.46428593749999997 0.23214375 0.43192031249999996 0.22767916718749998 0.40959843749999997 0.2767854171875 0.436384375 0.27827291718749997 0.44977656250000003 0.5119041671875 0.412946875 0.5252979171875001 0.397321875 0.5877979171875001
1 0.610490625 0.6592270828125 0.7321421875 0.6830354171875 0.8191968749999999 0.6354166671875 0.780134375 0.5654770828125 0.7087046875 0.5565479171875001 0.7165171875 0.2857145828125 0.7533484374999999 0.2857145828125 0.7220984374999999 0.22172708281250003 0.688615625 0.2172625 0.657365625 0.28720208281250004 0.6930796875 0.28720208281250004 0.672990625 0.54464375 0.5814734374999999 0.5833333328125 0.610490625 0.6592270828125
1 0.719865625 0.5267854171875 0.7991078125 0.5550604171875 0.9029015625 0.54464375 0.9107140625 0.48660625 0.8270093749999999 0.46131041718750004 0.8404015625 0.24702291718749997 0.8627234375 0.2425604171875 0.8404015625 0.1830354171875 0.8136156250000001 0.1919645828125 0.7834828125 0.2440479171875 0.8125 0.24107083281250002 0.8013390625 0.45089375 0.7243296875 0.4657729171875 0.719865625 0.5267854171875
1 0.96875 0.5401791671875 0.9984375 0.60863125 0.9984375 0.5208333328125 0.96875 0.5401791671875
2 0.415178125 0.5119041671875 0.40959843749999997 0.5327375 0.40625 0.5610125 0.40625 0.57589375 0.4375 0.5877979171875001 0.46428593749999997 0.5848208328125 0.48660781249999996 0.57589375 0.508928125 0.5684520828124999 0.522321875 0.54761875 0.5122765625000001 0.5089291671875 0.48995468750000004 0.5044645828125 0.47209843749999997 0.5044645828125 0.43973281249999996 0.5029770828125 0.415178125 0.5119041671875
2 0.631696875 0.6145833328125 0.6540171875 0.6369041671875 0.6975453125 0.6458333328125 0.7388390625000001 0.63839375 0.772321875 0.6235125 0.7712046875 0.5848208328125 0.7544640625000001 0.5580354171875 0.7243296875 0.54910625 0.6763390625000001 0.5401791671875 0.6529015625000001 0.54761875 0.640625 0.5625 0.6294640625000001 0.5863104171875 0.631696875 0.6145833328125
0 0.790178125 0.51488125 0.8247765625 0.5208333328125 0.8482140625 0.51636875 0.8772328125 0.49553541718750005 0.8660718749999999 0.4702375 0.8459828125 0.45535625 0.8214281250000001 0.45386875 0.78125 0.44940416718750004 0.764509375 0.45982083281249997 0.7533484374999999 0.48214375 0.7622765625000001 0.51488125 0.790178125 0.51488125
3 0.44921875 0.25703125 0.07734375 0.0546875
3 0.70546875 0.26328125 0.0875 0.05625
3 0.82265625 0.221875 0.06484375 0.05078125
3 0.6234375 0.71328125 0.05234375 0.1109375