2 0.7724609375 0.4244791671875 0.7451171875 0.4036458328125 0.7119140625 0.4036458328125 0.685546875 0.4231770828125 0.681640625 0.44921875 0.6962890625 0.4765625 0.7216796875 0.4895833328125 0.751953125 0.4908854171875 0.7666015625 0.4869791671875 0.78125 0.4700520828125 0.783203125 0.44140625 0.7724609375 0.4244791671875
2 0.201171875 0.6861979171875 0.1669921875 0.65625 0.1298828125 0.65625 0.0927734375 0.6770833328125 0.076171875 0.7200520828125 0.083984375 0.7565104171875 0.1064453125 0.7786458328125 0.1484375 0.7825520828125 0.1728515625 0.7734375 0.19921875 0.7486979171875 0.20703125 0.73046875 0.201171875 0.6861979171875
2 0.0009765625 0.2604166671875 0 0.37109375 0.0078125 0.37109375 0.033203125 0.34765625 0.03515625 0.3138020828125 0.015625 0.2721354171875 0.0009765625 0.2604166671875
0 0.1630859375 0.24479166718749998 0.1435546875 0.234375 0.1123046875 0.234375 0.076171875 0.2591145828125 0.072265625 0.2877604171875 0.0791015625 0.3020833328125 0.1005859375 0.3151041671875 0.12890625 0.3138020828125 0.1494140625 0.3072916671875 0.169921875 0.2877604171875 0.171875 0.2669270828125 0.1630859375 0.24479166718749998
0 0.1220703125 0.3177083328125 0.07421875 0.3033854171875 0.078125 0.3268229171875 0.0966796875 0.3463541671875 0.1328125 0.34765625 0.17578125 0.3216145828125 0.177734375 0.3111979171875 0.1689453125 0.2916666671875 0.1220703125 0.3177083328125
0 0.1767578125 0.3177083328125 0.1611328125 0.3359375 0.1318359375 0.3489583328125 0.08984375 0.3450520828125 0.1044921875 0.3723958328125 0.138671875 0.37890625 0.1806640625 0.3619791671875 0.189453125 0.3502604171875 0.185546875 0.32421875 0.1767578125 0.3177083328125
0 0.1904296875 0.34375 0.1787109375 0.3645833328125 0.1552734375 0.3776041671875 0.107421875 0.3763020828125 0.109375 0.3893229171875 0.1279296875 0.40625 0.162109375 0.4075520828125 0.1884765625 0.3958333328125 0.19921875 0.3815104171875 0.201171875 0.3658854171875 0.1904296875 0.34375
0 0.3212890625 0.578125 0.2900390625 0.5651041671875 0.2568359375 0.5677083328125 0.2158203125 0.5911458328125 0.205078125 0.6080729171875 0.201171875 0.6471354171875 0.220703125 0.6888020828125 0.2431640625 0.7005208328125 0.2890625 0.7018229171875 0.3271484375 0.6822916671875 0.35546875 0.65234375 0.345703125 0.60546875 0.3212890625 0.578125
0 0.3505859375 0.65625 0.3251953125 0.6848958328125 0.2919921875 0.703125 0.224609375 0.69921875 0.2275390625 0.71875 0.2646484375 0.7369791671875 0.291015625 0.73828125 0.3310546875 0.7265625 0.3583984375 0.703125 0.357421875 0.66015625 0.3505859375 0.65625
0 0.3603515625 0.703125 0.3330078125 0.7265625 0.2939453125 0.7395833328125 0.2626953125 0.7369791671875 0.224609375 0.7200520828125 0.2265625 0.75390625 0.2509765625 0.78125 0.2646484375 0.7890625 0.30859375 0.7903645828125 0.3349609375 0.7786458328125 0.353515625 0.7565104171875 0.36328125 0.73046875 0.3603515625 0.703125
0 0.35546875 0.7591145828125 0.3134765625 0.7916666671875 0.2705078125 0.7942708328125 0.2490234375 0.78125 0.2255859375 0.7526041671875 0.21484375 0.7825520828125 0.224609375 0.82421875 0.2666015625 0.8567708328125001 0.294921875 0.85546875 0.3212890625 0.8463541671874999 0.34765625 0.8190104171874999 0.357421875 0.7955729171875 0.35546875 0.7591145828125
2 0.015625 0.8169642859374999 0.0290178578125 0.7633928562500001 0.030133928124999997 0.7098214296875 0.0133928578125 0.6919642859375 0.001116071875 0.6904761890625 0 0.8407738109375 0.015625 0.8169642859374999
2 0.7433035718750001 0.0089285703125 0.7232142859375 0.007440476562499999 0.7243303578125 0.0357142859375 0.7366071421875 0.0505952375 0.7589285718750001 0.06101190468749999 0.7801339281249999 0.06994047656249999 0.7779017859375 0.0357142859375 0.7633928578125 0.0238095234375 0.7433035718750001 0.0089285703125
2 0.7444196421875 0 0.7633928578125 0.0297619046875 0.78125 0.0416666671875 0.7901785718750001 0.0297619046875 0.796875 0.007440476562499999 0.796875 0.0014880953125 0.7890625 0 0.7611607140625 0 0.7444196421875 0
2 0.475446428125 0.10119047656249999 0.46316964218749995 0.10714285625 0.47098214218749995 0.1398809515625 0.498883928125 0.1577380953125 0.5212053578125 0.1473214296875 0.5178571421875 0.1145833328125 0.5111607140625 0.11160714375 0.475446428125 0.10119047656249999