0 0.4326171875 0.6588541671875 0.3837890625 0.6536458328125 0.34765625 0.6888020828125 0.34375 0.7252604171875 0.3486328125 0.7317708328125 0.3896484375 0.734375 0.4150390625 0.7473958328125 0.4267578125 0.7630208328125 0.443359375 0.76171875 0.4609375 0.73828125 0.462890625 0.70703125 0.453125 0.6809895828125 0.4326171875 0.6588541671875
0 0.5732421875 0.6770833328125 0.5390625 0.6888020828125 0.533203125 0.7200520828125 0.5400390625 0.734375 0.5791015625 0.765625 0.611328125 0.7721354171875 0.61328125 0.7278645828125 0.625 0.7044270828125 0.6201171875 0.6953125 0.5732421875 0.6770833328125
0 0.771484375 0.7747395828125 0.759765625 0.7252604171875 0.7353515625 0.6979166671875 0.7099609375 0.6822916671875 0.6650390625 0.6796875 0.6318359375 0.6953125 0.61328125 0.7356770828125 0.61328125 0.7669270828125 0.62109375 0.78515625 0.6572265625 0.8177083328125001 0.70703125 0.8268229171874999 0.7373046875 0.8177083328125001 0.7626953125 0.796875 0.76953125 0.8138020828125001 0.771484375 0.7747395828125
0 0.7587890625 0.8020833328125001 0.7314453125 0.8203125 0.6865234375 0.828125 0.6376953125 0.8072916671874999 0.6259765625 0.8046875 0.623046875 0.8111979171874999 0.6279296875 0.84375 0.6396484375 0.8385416671874999 0.6806640625 0.8671875 0.724609375 0.8658854171874999 0.7626953125 0.8411458328125001 0.7705078125 0.8541666671874999 0.771484375 0.8138020828125001 0.7587890625 0.8020833328125001
0 0.7705078125 0.8307291671874999 0.7255859375 0.8671875 0.6806640625 0.8671875 0.6357421875 0.8307291671874999 0.625 0.8346354171874999 0.625 0.86328125 0.6474609375 0.9010416671874999 0.6767578125 0.9140625 0.724609375 0.9153645828125001 0.7529296875 0.9010416671874999 0.767578125 0.8815104171874999 0.7734375 0.85546875 0.7705078125 0.8307291671874999
0 0.7578125 0.8997395828125001 0.7236328125 0.9192708328125001 0.6630859375 0.9114583328125001 0.6494140625 0.9036458328125001 0.6240234375 0.859375 0.611328125 0.88671875 0.611328125 0.9127604171874999 0.62109375 0.94140625 0.6572265625 0.9765625 0.708984375 0.9830729171874999 0.7353515625 0.9713541671874999 0.75390625 0.9466145828125001 0.759765625 0.9283854171874999 0.7578125 0.8997395828125001
2 0.5419921875 0.7369791671875 0.5126953125 0.7395833328125 0.4990234375 0.75 0.478515625 0.7903645828125 0.478515625 0.8216145828125001 0.484375 0.8346354171874999 0.5009765625 0.8541666671874999 0.5263671875 0.8671875 0.564453125 0.8658854171874999 0.599609375 0.83984375 0.60546875 0.81640625 0.603515625 0.78515625 0.5419921875 0.7369791671875
2 0.4111328125 0.7473958328125 0.3837890625 0.734375 0.3525390625 0.734375 0.3232421875 0.7447916671875 0.3046875 0.76953125 0.302734375 0.8294270828125001 0.3369140625 0.8619791671874999 0.36328125 0.8658854171874999 0.3935546875 0.8619791671874999 0.4296875 0.8268229171874999 0.43359375 0.7799479171875 0.4111328125 0.7473958328125
2 0.3857421875 0.8671875 0.3349609375 0.8619791671874999 0.3115234375 0.8359375 0.302734375 0.8372395828125001 0.3046875 0.86328125 0.3271484375 0.8880208328125001 0.3583984375 0.9010416671874999 0.38671875 0.8997395828125001 0.423828125 0.8658854171874999 0.431640625 0.84765625 0.4287109375 0.8333333328125001 0.3857421875 0.8671875
2 0.4365234375 0.3203125 0.431640625 0.33203125 0.43359375 0.3893229171875 0.4267578125 0.3958333328125 0.408203125 0.37109375 0.40625 0.3268229171875 0.3955078125 0.3072916671875 0.376953125 0.3372395828125 0.375 0.38671875 0.3955078125 0.4270833328125 0.4169921875 0.4453125 0.4296875 0.4440104171875 0.458984375 0.4127604171875 0.4453125 0.39453125 0.443359375 0.32421875 0.4365234375 0.3203125
2 0.9658203125 0.20572916718749998 0.9541015625 0.2265625 0.9482421875 0.203125 0.9267578125 0.203125 0.90625 0.22526041718749998 0.9140625 0.24869791718749998 0.9326171875 0.265625 0.974609375 0.2669270828125 0.9921875 0.24609375 0.9921875 0.22526041718749998 0.9833984375 0.20833333281250002 0.9658203125 0.20572916718749998
0 0.6573660718750001 0.39285714375 0.6439732140625 0.37946428593750003 0.6171875 0.3675595234375 0.5870535718750001 0.37053571406249997 0.5714285718750001 0.37946428593750003 0.5613839281249999 0.4270833328125 0.5904017859375 0.4523809515625 0.6227678578125 0.4583333328125 0.6517857140625 0.4270833328125 0.6573660718750001 0.39285714375