2 0.399553125 0.32886875 0.376115625 0.3348208328125 0.3560265625 0.34970208281250004 0.3616078125 0.3764875 0.3783484375 0.38988125 0.40401718750000004 0.38839375 0.43303593749999997 0.3735125 0.436384375 0.3348208328125 0.41964218750000004 0.32589375 0.399553125 0.32886875
2 0.1361609375 0.42857083281249997 0.1361609375 0.4583333328125 0.1595984375 0.4717270828125 0.21317031250000001 0.4747020828125 0.23660781250000001 0.4627979171875 0.25 0.4434520828125 0.258928125 0.41815416718750004 0.2533484375 0.3973208328125 0.23995468749999999 0.3735125 0.20870468749999999 0.36904791718749996 0.15848281250000001 0.38095208281250004 0.1484375 0.4002979171875 0.1361609375 0.42857083281249997
2 0.203125 0.48214375 0.1674109375 0.4895833328125 0.1517859375 0.4970229171875 0.15067031250000001 0.5252979171875001 0.15067031250000001 0.5342270828125 0.23214218749999999 0.5223208328125 0.2600453125 0.5074395828125 0.2790171875 0.49553541718750005 0.272321875 0.46131041718750004 0.256696875 0.45982083281249997 0.219865625 0.4791666671875 0.203125 0.48214375
2 0.475446875 0.7380958328125 0.515625 0.7291666671875 0.561384375 0.70386875 0.5881703125 0.67261875 0.5915171875 0.6443458328125 0.584821875 0.61011875 0.5680796875 0.6130958328125 0.5435265625000001 0.6577375 0.5200890625000001 0.6815479171875001 0.47879531249999996 0.6994041671875 0.420759375 0.6979166671875 0.430803125 0.7232145828125 0.44754531249999996 0.7291666671875 0.475446875 0.7380958328125
0 0.399553125 0.5967270828125 0.3783484375 0.63839375 0.383928125 0.6622020828124999 0.40401718750000004 0.6904770828125 0.452009375 0.6949395828125 0.48102656250000003 0.6845229171875 0.491071875 0.6800604171875 0.5446421875 0.6532729171875 0.5546875 0.61160625 0.563615625 0.5833333328125 0.540178125 0.54910625 0.49776718750000004 0.5357145828125 0.45758906250000003 0.5505958328125 0.41629531249999996 0.5699395828125 0.399553125 0.5967270828125
1 0 0.88839375 0.060825 0.9133541671875 0.23079375 0.8388791671875 0.283053125 0.7022645828125 0.1908484375 0.66964375 0.1243921875 0.6979229171875 0.043575 0.3982729171875 0.077296875 0.3743604171875 0.0255125 0.3293958328125 0 0.3356270828125 0.0011375 0.41494375000000006 0.010356250000000001 0.409725 0.09375 0.7113104171875 0.053571875000000005 0.7291666671875 0 0.8154770828125001 0 0.88839375
1 0.147321875 0.26488125 0.1841515625 0.47767916718750003 0.15401718749999999 0.49553541718750005 0.1194203125 0.5297625 0.1328125 0.5714291671875 0.2142859375 0.5669645828125 0.25 0.5520833328125 0.3069203125 0.5059520828124999 0.297990625 0.45535625 0.2142859375 0.47321458281249995 0.16629531250000001 0.2619041671875 0.196428125 0.2589291671875 0.162946875 0.2172625 0.131696875 0.2247020828125 0.133928125 0.22916666718749998 0.1116078125 0.27529791718749996 0.147321875 0.26488125
1 0.3493296875 0.35863125 0.319196875 0.3839291671875 0.3404015625 0.4047625 0.373884375 0.42113125 0.422990625 0.4092270828125 0.454240625 0.3973208328125 0.47321406250000003 0.35863125 0.453125 0.3363104171875 0.40290156250000003 0.32886875 0.376115625 0.17410625 0.3962046875 0.1651791671875 0.376115625 0.1354166671875 0.3470984375 0.13839375 0.334821875 0.18154791718750002 0.359375 0.17261875 0.383928125 0.34375 0.3493296875 0.35863125
1 0.6819203125 0.2797625 0.649553125 0.28720208281250004 0.616071875 0.30654791718749996 0.626115625 0.34672708281250003 0.6953125 0.34970208281250004 0.7421875 0.3348208328125 0.7622765625000001 0.3139875 0.7756703125 0.2931541671875 0.743303125 0.2708333328125 0.7299109374999999 0.26339375 0.702009375 0.26488125 0.6819203125 0.0952375 0.7064734374999999 0.0863104171875 0.6830359374999999 0.053570832812500004 0.662946875 0.0639875 0.641740625 0.10863125 0.6618296875 0.1041666671875 0.6819203125 0.2797625
1 0.6529015625000001 0.6473208328125 0.561384375 0.5729166671875 0.5100453125 0.5877979171875001 0.462053125 0.2931541671875 0.49553593749999997 0.2767854171875 0.44754531249999996 0.2261895828125 0.412946875 0.23958333281250002 0.381696875 0.3110125 0.42410781249999996 0.3125 0.47321406250000003 0.61160625 0.383928125 0.67261875 0.3571421875 0.73214375 0.4140625 0.8020833328125001 0.584821875 0.76636875 0.6529015625000001 0.6473208328125
3 0.675 0.0796875 0.046875 0.04296875
3 0.43828125 0.2640625 0.096875 0.0796875
3 0.36484375 0.1546875 0.05 0.0375
3 0.1515625 0.240625 0.0609375 0.04765625
3 0.04140625 0.37109375 0.08203125 0.08515625