2 0.6036453125000001 0.7027770828125 0.5625 0.7041666671875 0.5380203125 0.70555625 0.5171875 0.7201395828125 0.5166671875 0.7388895828125001 0.5338546875 0.7548604171875 0.6057296875 0.7534729171875 0.6255203125000001 0.7284729171875 0.6208328125 0.7048604171874999 0.6036453125000001 0.7027770828125
2 0.5536453125 0.7986104171874999 0.5786453125000001 0.8104166671874999 0.6020828125000001 0.8138895828124999 0.634375 0.80625 0.6447921875 0.79444375 0.6463546874999999 0.7784729171875 0.6411453125000001 0.76180625 0.6171875 0.7465270828125 0.6104171875 0.7513895828125 0.5385421874999999 0.7597229171875 0.5354171875 0.7736104171875 0.5421875 0.7868062499999999 0.5536453125 0.7986104171874999
2 0.5692703125 0.84930625 0.6010421874999999 0.8548604171875 0.6239578125 0.8541666671874999 0.6390625 0.8430562500000001 0.6442703125 0.8277770828125 0.6390625 0.80625 0.6255203125000001 0.8104166671874999 0.59375 0.8131937499999999 0.559375 0.8027770828125 0.5432296875 0.7875 0.5359375 0.7979166671875 0.5333328125000001 0.8159729171875 0.5380203125 0.8305562500000001 0.5473953125000001 0.8395833328125001 0.5692703125 0.84930625
0 0.5946984375000001 0.8881937499999999 0.62178125 0.88680625 0.6379265625 0.8798604171875001 0.6410515625000001 0.85 0.6368859375 0.8444437499999999 0.6212609375 0.85555625 0.5821984375 0.8548604171875 0.5493859375000001 0.8409729171875 0.5368859375 0.8340270828125 0.5316765625000001 0.84930625 0.53584375 0.8673604171875 0.56084375 0.8847229171875 0.5946984375000001 0.8881937499999999
1 0.54053125 0.8364020828125 0.5181359375000001 0.8384854171875 0.49209375 0.8600145828124999 0.4941765625 0.8718187500000001 0.5535515625 0.9120979171875 0.64834375 0.9065416671875001 0.6629265625 0.8884854171875001 0.66396875 0.8697354171875 0.6212609375 0.8454312500000001 0.59053125 0.8419583328125 0.5915734375 0.6982083328125 0.59990625 0.627375 0.6144890625 0.6211249999999999 0.6004265625 0.5933479171875 0.5816765625 0.5933479171875 0.5665734375 0.6211249999999999 0.58115625 0.6239020828124999 0.5821984375 0.6294583328125001 0.57334375 0.8377916671875001 0.54053125 0.8364020828125
0 0.7832390625000001 0.9558479171875 0.8030312500000001 0.9322354171875 0.79053125 0.8995979171874999 0.74365625 0.8752916671875001 0.69990625 0.8752916671875001 0.68740625 0.8884854171875001 0.68740625 0.9252916671875001 0.7259484375 0.9530687500000001 0.7832390625000001 0.9558479171875
0 0.9348953124999999 0.9347229171875 0.8796875 0.9020833328125001 0.83125 0.9055562500000001 0.8119796875 0.9159729171875 0.8083328125 0.9402770828125 0.8229171875000001 0.96875 0.8244796875 0.9673604171875001 0.9401046875000001 0.9527770828125 0.9348953124999999 0.9347229171875
0 0.8297609375 0.90625 0.9323640624999999 0.9284729171875 0.9386140624999999 0.9145833328125 0.9354890625 0.9069437499999999 0.8792390625 0.86944375 0.8636140625 0.86875 0.84434375 0.8708333328125001 0.82403125 0.8847229171875 0.8297609375 0.90625
0 0.93653125 0.9111104171875001 0.9360109375000001 0.9013895828124999 0.8808015625 0.8458333328125001 0.8542390624999999 0.8409729171875 0.8375734375 0.83819375 0.8214265624999999 0.8472229171875 0.8136140624999999 0.8576395828125 0.81465625 0.8715270828125 0.8120515625 0.8680562500000001 0.81465625 0.8729166671874999 0.93653125 0.9111104171875001
0 0.8676453125 0.8068479171874999 0.8587921875 0.8110145828125 0.8587921875 0.822125 0.8650421875 0.8380979171874999 0.8822296875 0.84643125 0.8817078125 0.8096249999999999 0.8676453125 0.8068479171874999
0 0.9984375 0.8610145828125001 0.9962921874999999 0.8269854171875 0.9567078125 0.8207354171875 0.9317078125 0.8325416671875001 0.9301453125 0.8721249999999999 0.9353546875 0.865875 0.9984375 0.8610145828125001
0 0.9681671875 0.859625 0.9363953125 0.8679583328125 0.9322296874999999 0.8894854171875 0.9421250000000001 0.9103187500000001 0.9629578125 0.9033749999999999 0.9947296874999999 0.9082354171875 0.9984375 0.9103187500000001 0.9984375 0.86518125 0.9681671875 0.859625
2 0.9327500000000001 0.82906875 0.9587921875 0.8200416671875 0.9806671874999999 0.8235145828125001 0.9348328125 0.7957354171875 0.9327500000000001 0.82906875
2 0.9984375 0.9887916671875001 0.9984375 0.9186520828125 0.97221875 0.9068479171874999 0.9466984374999999 0.9124020828124999 0.9383640625 0.9318479171874999 0.9420109374999999 0.9505979171875 0.9534687500000001 0.9700416671875001 0.9984375 0.9887916671875001
3 0.590625 0.609375 0.04609375 0.03671875
5 0.74140625 0.5546875 0.02734375 0.01953125