0 0 0.9520833328125 0.071875 0.9229166671875 0.0890625 0.90625 0.09375 0.8875 0.090625 0.8541666671874999 0.078125 0.8375 0.0484375 0.825 0.0140625 0.8229166671874999 0 0.8270833328125 0 0.9520833328125
0 0.36640625 0.65 0.41640625 0.6541666671875 0.44140625 0.64375 0.44296875 0.6229166671875 0.43515625 0.6104166671875 0.38984375 0.6041666671875 0.36328125 0.61875 0.36015625 0.6375 0.36640625 0.65
0 0.534375 0.6541666671875 0.584375 0.6604166671875 0.6125 0.6479166671875001 0.6140625 0.63125 0.60625 0.6166666671875001 0.5921875 0.6041666671875 0.5671875 0.6020833328124999 0.534375 0.6208333328125 0.5296875 0.6458333328125 0.534375 0.6541666671875
0 0.480078125 0.5989583328125 0.480078125 0.5822916671875 0.464453125 0.5723958328125 0.430078125 0.5739583328125 0.41796875 0.5807291671875 0.419140625 0.5958333328125 0.42734375 0.6114583328125 0.4609375 0.6125 0.480078125 0.5989583328125
0 0.433203125 0.5197916671875 0.429296875 0.5296875 0.435546875 0.5369791671875 0.48203125 0.5364583328125 0.48359375 0.5265625 0.48046875 0.5197916671875 0.433203125 0.5197916671875
0 0.465625 0.496875 0.44453125 0.4973958328125 0.436328125 0.5036458328125 0.437109375 0.5182291671875 0.438671875 0.51875 0.483984375 0.51875 0.490625 0.509375 0.484375 0.4984375 0.465625 0.496875
2 0.053125 0.73125 0.05625 0.7583333328124999 0.0625 0.7666666671875 0.0734375 0.7729166671875001 0.115625 0.775 0.1609375 0.7604166671875 0.175 0.7479166671875 0.175 0.7229166671875 0.16875 0.7083333328125 0.1546875 0.7 0.1265625 0.6979166671875 0.09375 0.7020833328125 0.0609375 0.71875 0.053125 0.73125
2 0.050390625 0.671875 0.066015625 0.6807291671875 0.083203125 0.6791666671875001 0.124609375 0.6713541671875001 0.137109375 0.6604166671875 0.1390625 0.6390625 0.124609375 0.6265625 0.08671875 0.6270833328125 0.067578125 0.6338541671875 0.048828125 0.6416666671875 0.045703125 0.6505208328125 0.050390625 0.671875
2 0.011328125 0.6171875 0.003515625 0.63125 0.005078125 0.6479166671875001 0.013671875 0.6546875 0.037109375 0.6536458328125 0.0453125 0.6536458328125 0.050390625 0.6416666671875 0.065625 0.6333333328124999 0.08671875 0.6239583328125 0.084765625 0.6088541671875001 0.058203125 0.60625 0.027734375 0.6104166671875 0.011328125 0.6171875
2 0.2258 0.5561479171875 0.22484687499999997 0.5452229171874999 0.2210359375 0.5294708328125 0.21265312500000003 0.5116875000000001 0.2073171875 0.5010166671875 0.20293437499999997 0.49720624999999996 0.1974078125 0.4982208328125 0.19340625 0.5060979171875 0.1968375 0.5274395828125 0.21036562499999997 0.5604666671875 0.2149390625 0.5627541671875 0.2244671875 0.5625 0.2258 0.5561479171875
2 0.3616609375 0.5840958328125 0.3656625 0.5861270828125 0.3717609375 0.5889229171875 0.38166875 0.5896854171875 0.390625 0.58943125 0.397865625 0.58638125 0.4020578125 0.57698125 0.4020578125 0.56758125 0.397484375 0.5586895828125 0.3891 0.5561479171875 0.3729046875 0.5569104171875 0.35975625 0.5602125 0.35823125 0.5658020828125 0.359375 0.57698125 0.3616609375 0.5840958328125
2 0.48894843750000005 0.58638125 0.4900921875 0.57850625 0.4893296875 0.5678354171875 0.483040625 0.5604666671875 0.4714171875 0.55818125 0.4580796875 0.5584354171875 0.4367375 0.55894375 0.4312125 0.5619916671875 0.42568593750000006 0.5673270828125 0.42378125000000005 0.5708833328125 0.4253046875 0.5764729171874999 0.42930624999999994 0.5739333328125 0.46284375000000005 0.5719000000000001 0.4729421875 0.5772354171875 0.48189843750000005 0.5853666671875 0.48894843750000005 0.58638125
1 0.28125 0.6541666671875 0.2953125 0.65 0.3125 0.6083333328125 0.328125 0.6 0.4203125 0.6083333328125 0.409375 0.58125 0.3828125 0.5916666671875 0.325 0.575 0.31875 0.5041666671875 0.2921875 0.49791666718750005 0.265625 0.55625 0.2640625 0.64375 0.28125 0.6541666671875
1 0.4390625 0.5 0.434375 0.5229166671875001 0.4171875 0.5375 0.4359375 0.5520833328125 0.4953125 0.55 0.496875 0.53125 0.484375 0.5270833328125 0.4859375 0.5020833328125 0.4609375 0.49375 0.4640625 0.43541666718750005 0.459375 0.425 0.465625 0.4145833328125 0.4515625 0.40416666718750005 0.44375 0.4166666671875 0.45 0.49583333281249997 0.4390625 0.5
3 0.73203125 0.2109375 0.05234375 0.03671875
3 0.45546875 0.41328125 0.021875 0.01875