0 0.7075890625000001 0.20982083281250002 0.672990625 0.23511875 0.665178125 0.2693458328125 0.703125 0.29613125 0.7857140625000001 0.26636875 0.78125 0.21577291718749997 0.751115625 0.20089375 0.7075890625000001 0.20982083281250002
2 0 0.8214291671874999 0.0078125 0.9761895828125 0.037946875000000005 0.90625 0.024553125000000002 0.8363104171875 0.014509375 0.8333333328125001 0 0.8214291671874999
2 0.334821875 0.5193458328125 0.3560265625 0.5372020828124999 0.405134375 0.5238104171875 0.45758906250000003 0.5014875 0.47321406250000003 0.4791666671875 0.48102656250000003 0.45386875 0.475446875 0.43303541718750005 0.46317031249999996 0.42113125 0.452009375 0.4434520828125 0.41964218750000004 0.4657729171875 0.3939734375 0.4791666671875 0.3515625 0.48065416718750004 0.3549109375 0.48363125 0.3381703125 0.4717270828125 0.334821875 0.5193458328125
2 0.3415171875 0.38839375 0.329240625 0.4002979171875 0.319196875 0.42113125 0.327009375 0.44940416718750004 0.3359375 0.46428541718750005 0.352678125 0.47618958281249996 0.366071875 0.47618958281249996 0.3962046875 0.4672625 0.42522343749999997 0.45535625 0.453125 0.4315479171875 0.46317031249999996 0.40625 0.46651718750000004 0.38095208281250004 0.452009375 0.36011875 0.430803125 0.34672708281250003 0.40959843749999997 0.3482145828125 0.3861609375 0.3526791671875 0.360490625 0.3675604171875 0.3415171875 0.38839375
2 0.5189734374999999 0.4077375 0.5424109374999999 0.4122020828125 0.5703125 0.4032729171875 0.5904015625000001 0.38095208281250004 0.610490625 0.3660708328125 0.6149546875 0.34970208281250004 0.6049109374999999 0.3244041671875 0.592634375 0.3125 0.5546875 0.3139875 0.53125 0.3125 0.5022328125 0.3348208328125 0.48883906250000003 0.36011875 0.48772343749999997 0.3869041671875 0.5 0.40625 0.5189734374999999 0.4077375
1 0.020089062499999998 0.2723208328125 0.0658484375 0.2604166671875 0.14285781250000001 0.5416666671875 0.1037953125 0.5580354171875 0.029017187500000003 0.6473208328125 0.0747765625 0.7202375 0.24776718749999999 0.6607145828125 0.313615625 0.5654770828125 0.3013390625 0.5372020828124999 0.248884375 0.5089291671875 0.1752234375 0.5327375 0.0904015625 0.2425604171875 0.131696875 0.2261895828125 0.078125 0.18154791718750002 0.046875 0.19345208281249998 0.020089062499999998 0.2723208328125
1 0.296875 0.5119041671875 0.3258921875 0.5922625 0.4609375 0.5550604171875 0.522321875 0.4702375 0.5357140625000001 0.4479166671875 0.4765625 0.4032729171875 0.4296875 0.41815416718750004 0.350446875 0.16368958281249998 0.3783484375 0.1264875 0.334821875 0.0863104171875 0.3046875 0.10118958281249998 0.290178125 0.17261875 0.3337046875 0.1666666671875 0.3861609375 0.4270833328125 0.34375 0.4627979171875 0.296875 0.5119041671875
1 0.46540156250000003 0.3511895828125 0.45535781249999996 0.4032729171875 0.53125 0.45238125 0.6361609374999999 0.41071458281249995 0.6462046875 0.33779791718749996 0.6071421875 0.3229166671875 0.5502234374999999 0.3244041671875 0.5200890625000001 0.08184583281249999 0.5491078125 0.06696458281249999 0.515625 0.01636875 0.483259375 0.0327375 0.47321406250000003 0.0848208328125 0.49553593749999997 0.08928541718750001 0.530134375 0.33035625 0.46540156250000003 0.3511895828125
1 0.7022765625 0 0.7112046875 0.23065416718749998 0.6632140625 0.24107083281250002 0.634196875 0.27529791718749996 0.667678125 0.31547708281250003 0.7268296875 0.3139875 0.8016078125 0.2857145828125 0.8205796875000001 0.24702291718749997 0.8161156249999999 0.23660625 0.777053125 0.2142854171875 0.7391078125 0.2113104171875 0.7212500000000001 0 0.7022765625 0
1 0.0984828125 0.9419645828125001 0.118571875 0.8675604171875 0.050490625 0.78125 0.001384375 0.7931541671875 0 0.9880958328125 0.0449109375 0.9979166671874999 0.0984828125 0.9419645828125001
3 0.5046875 0.0578125 0.071875 0.0640625
3 0.33125 0.13203125 0.08125 0.084375
3 0.071875 0.21328125 0.08984375 0.084375