1 0.3708328125 0.4791666671875 0.3958328125 0.49305625 0.3927078125 0.47083333281249995 0.47291718749999995 0.41944375 0.48541718749999996 0.45694375000000004 0.51875 0.46388958281250003 0.5239578125000001 0.41111041718749997 0.490625 0.3402770828125 0.459375 0.3291666671875 0.45520781250000003 0.3736104171875 0.46458281250000005 0.4027770828125 0.3895828125 0.45 0.3760421875 0.4402770828125 0.365625 0.46388958281250003 0.3708328125 0.4791666671875
1 0.58125 0.4347229171875 0.5697921874999999 0.44444375 0.5791671875 0.4722229171875 0.6020828125000001 0.46666666718750005 0.615625 0.45416666718750004 0.6041671875 0.4361104171875 0.64375 0.43333333281249997 0.66875 0.375 0.6333328125000001 0.3166666671875 0.5708328125000001 0.32083333281250004 0.553125 0.3777770828125 0.565625 0.40694375000000005 0.584375 0.41388958281250005 0.58125 0.4347229171875
2 0.5875 0.6604166671875 0.603125 0.6916666671875 0.640625 0.70625 0.6796875 0.7083333328125 0.7078125 0.7 0.728125 0.6833333328125 0.7375 0.64375 0.7234375 0.6166666671875001 0.6984375 0.6041666671875 0.653125 0.6020833328124999 0.6125 0.6145833328125 0.5953125 0.63125 0.5875 0.6604166671875
2 0.5203125 0.5354166671875 0.5796875 0.5395833328124999 0.6078125 0.5229166671875001 0.609375 0.5020833328125 0.6015625 0.4895833328125 0.55625 0.48333333281249996 0.5296875 0.4895833328125 0.515625 0.50625 0.5203125 0.5354166671875
2 0.64375 0.50625 0.696875 0.5125 0.7296875 0.49583333281249997 0.73125 0.4770833328125 0.725 0.46458333281249997 0.709375 0.45416666718750004 0.6796875 0.45416666718750004 0.64375 0.47083333281249995 0.6390625 0.49583333281249997 0.64375 0.50625
2 0.9078125 0.5333333328125 0.93125 0.5645833328125 0.9984375 0.5583333328125 0.9984375 0.5208333328125 0.9921875 0.5145833328125 0.9296875 0.5041666671875 0.8984375 0.5104166671875 0.884375 0.5291666671875 0.9078125 0.5333333328125
2 0.671875 0.5708333328124999 0.734375 0.5791666671875 0.759375 0.54375 0.7578125 0.5145833328125 0.709375 0.5104166671875 0.66875 0.5270833328125 0.6625 0.5520833328125 0.671875 0.5708333328124999
2 0.8453125 0.60625 0.9 0.6 0.9171875 0.5791666671875 0.9171875 0.5604166671875 0.9046875 0.54375 0.865625 0.5291666671875 0.8296875 0.5291666671875 0.80625 0.5354166671875 0.8046875 0.55 0.8453125 0.60625
2 0.909375 0.42083333281249996 0.8927078125 0.43194375 0.8864578125 0.4472229171875 0.8947921875 0.46805624999999995 0.9166671875000001 0.4722229171875 0.9520828124999999 0.47361041718749997 0.9760421875 0.46388958281250003 0.9822921875 0.44166666718750003 0.9697921875000001 0.42083333281249996 0.9427078124999999 0.42083333281249996 0.909375 0.42083333281249996
0 0.5625 0.40138958281250003 0.5572921875 0.41805624999999996 0.559375 0.4277770828125 0.5666671875 0.4361104171875 0.584375 0.43194375 0.6072921874999999 0.4291666671875 0.615625 0.4361104171875 0.6239578125 0.4513895828125 0.634375 0.4527770828125 0.6458328125 0.4388895828125 0.6479171874999999 0.42638958281250006 0.6427078125000001 0.40694375000000005 0.6291671875 0.3972229171875 0.6083328125 0.39305625 0.5760421874999999 0.39305625 0.5625 0.40138958281250003
0 0.559375 0.3958333328125 0.5385421874999999 0.3972229171875 0.5354171875 0.40694375000000005 0.5375 0.4236104171875 0.5447921874999999 0.425 0.5541671874999999 0.425 0.5614578125 0.4125 0.565625 0.4 0.559375 0.3958333328125
0 0.371875 0.4375 0.3760421875 0.44444375 0.3916671875 0.4458333328125 0.40520781250000004 0.44305625 0.41354218749999994 0.43194375 0.42291718749999996 0.40555624999999995 0.40729218749999996 0.40138958281250003 0.3875 0.41111041718749997 0.38125 0.4166666671875 0.371875 0.4375
0 0.925 0.6013895828125 0.9354171875 0.6208333328125 0.971875 0.6416666671875 0.9927078125 0.6472229171875 0.9984375 0.65 0.99375 0.5513895828125001 0.9708328125 0.5541666671875001 0.9489578125 0.5638895828125 0.9322921875000001 0.5736104171874999 0.925 0.6013895828125
0 0.7989578125000001 0.4902770828125 0.8010421875 0.51805625 0.8239578125 0.5263895828125 0.8677078125 0.5208333328125 0.8927078125 0.51944375 0.9135421875 0.5041666671875 0.9020828125 0.48055624999999996 0.86875 0.47361041718749997 0.8427078124999999 0.47361041718749997 0.8197921875 0.48055624999999996 0.7989578125000001 0.4902770828125
3 0.8828125 0.078125 0.03046875 0.0203125
3 0.58828125 0.45078125 0.03984375 0.040625
3 0.38046875 0.46484375 0.0296875 0.04765625