2 0.41469531249999997 0.48592291718749997 0.38682500000000003 0.48423333281250003 0.3707765625 0.4893020828125 0.3673984375 0.4988729171875 0.36824375 0.5090083328125 0.387246875 0.5112604171874999 0.3986484375 0.5174541671874999 0.4206078125 0.51295 0.4265203125 0.5039416671875 0.42483125 0.4926791671875 0.41469531249999997 0.48592291718749997
2 0.575590625 0.41891875 0.5857265625 0.4211708328125 0.6135984375 0.41835625 0.6237328125 0.41553958281250003 0.628378125 0.4110354171875 0.6309125 0.4037166671875 0.630490625 0.39358125 0.6212 0.38795 0.594171875 0.3885125 0.5684125 0.39358125 0.565878125 0.4020270828125 0.5684125 0.4138520828125 0.575590625 0.41891875
0 0.5730578125 0.4375 0.5793921875 0.44538333281250003 0.622465625 0.44313125 0.62795625 0.4408791671875 0.6359796875 0.4346854171875 0.6359796875 0.42342291718749997 0.6347125 0.41891875 0.6288 0.4138520828125 0.6178203124999999 0.4206083328125 0.574325 0.4206083328125 0.5705234375 0.4251125 0.571790625 0.43074375 0.5730578125 0.4375
2 0.5663 0.4673416671875 0.5730578125 0.46959375000000003 0.5954390625 0.4707208328125 0.61613125 0.4701583328125 0.6237328125 0.46846875 0.6300671875 0.4639645828125 0.630490625 0.4498875 0.6266890625 0.4448208328125 0.624578125 0.44313125 0.5789703125 0.44369375 0.574746875 0.4425666671875 0.5675671875 0.44538333281250003 0.5637671875 0.4521395828125 0.5641890625 0.4605854171875 0.5663 0.4673416671875
0 0.577703125 0.4971854171875 0.5958609375 0.4988729171875 0.624578125 0.4971854171875 0.6326015625 0.4898645828125 0.635134375 0.4853604171875 0.6334453124999999 0.4746625 0.6266890625 0.46790624999999997 0.6190875 0.4701583328125 0.58995 0.4712833328125 0.5705234375 0.47184583281250003 0.565878125 0.4791666671875 0.5675671875 0.4904270828125 0.5730578125 0.49436875 0.577703125 0.4971854171875
2 0.628378125 0.5174541671874999 0.640203125 0.5106979171875 0.6393578125 0.4994375 0.6321796875000001 0.4926791671875 0.6258453125 0.4954958328125 0.591215625 0.4988729171875 0.5764359375 0.4977479171875 0.57136875 0.5073208328125001 0.5734796875 0.5174541671874999 0.581503125 0.51914375 0.628378125 0.5174541671874999
0 0.9489015625 0.58108125 0.97255 0.59346875 0.9984375 0.5957208328125 0.9984375 0.5450458328125001 0.9670609375 0.5467333328125 0.9543921875000001 0.5523645828125 0.9472125 0.5675666671874999 0.9489015625 0.58108125
1 0.5703125 0.5357145828125 0.625 0.5342270828125 0.662946875 0.5208333328125 0.6517859374999999 0.4985125 0.6127234374999999 0.4970229171875 0.610490625 0.37202291718749997 0.626115625 0.3645833328125 0.6049109374999999 0.3392854171875 0.59375 0.3392854171875 0.584821875 0.3675604171875 0.600446875 0.3660708328125 0.5959828125 0.4970229171875 0.5513390625000001 0.51488125 0.5703125 0.5357145828125
0 0.5270828125 0.5333333328125 0.540625 0.525 0.546875 0.5125 0.534375 0.50694375 0.509375 0.50694375 0.49895781250000004 0.5208333328125 0.5020828125000001 0.53194375 0.5270828125 0.5333333328125
3 0.2890625 0.103125 0.06953125 0.0546875
3 0.60546875 0.35546875 0.03203125 0.025
4 0.890625 0.303125 0.02421875 0.01796875