0 0.815625 0.43541666718750005 0.840625 0.45 0.8734375 0.45208333281249996 0.8953125 0.43333333281249997 0.9078125 0.40833333281249995 0.8921875 0.3895833328125 0.8390625 0.3854166671875 0.8203125 0.39375 0.8109375 0.41875 0.815625 0.43541666718750005
0 0.6 0.3958333328125 0.659375 0.40625 0.6859375 0.3916666671875 0.6875 0.36666666718749996 0.678125 0.3541666671875 0.6296875 0.3416666671875 0.5984375 0.35625 0.59375 0.38125 0.6 0.3958333328125
0 0.5477203125 0.37387291718750004 0.5135140625 0.3721854171875 0.4919765625 0.3783791671875 0.47592968750000003 0.40315416718749997 0.4797296875 0.4211708328125 0.4957765625 0.4301791671875 0.5215375 0.4375 0.5422296875 0.4375 0.574746875 0.4273645828125 0.5789703125 0.3980854171875 0.57136875 0.3823208328125 0.5477203125 0.37387291718750004
2 0.3044765625 0.3541666671875 0.2977203125 0.3541666671875 0.2643578125 0.35303958281250003 0.23902031250000003 0.35923333281250003 0.22550625000000002 0.36993333281249996 0.22043906249999998 0.3823208328125 0.2195953125 0.38795 0.23479687500000002 0.40090000000000003 0.246621875 0.4138520828125 0.2706921875 0.4099104171875 0.280828125 0.4087833328125 0.293496875 0.40540624999999997 0.30954375 0.3992125 0.32516875 0.3902020828125 0.327703125 0.3783791671875 0.3209453125 0.36373958281249996 0.3044765625 0.3541666671875
2 0.03693125 0.37689374999999997 0.053976562500000005 0.37310625000000003 0.07244375 0.3683708328125 0.0944609375 0.3551145828125 0.10369375 0.3399625 0.1058234375 0.3229166671875 0.08451718750000001 0.3077645828125 0.0546875 0.304925 0.03125 0.3115520828125 0.0220171875 0.31060625000000003 0.0035515625 0.3257583328125 0 0.3702645828125 0.020596875 0.37689374999999997 0.03693125 0.37689374999999997
2 0.03338125 0.40056875 0.046875 0.4015145828125 0.0625 0.4034083328125 0.083096875 0.40246250000000006 0.1015625 0.39393958281249997 0.1186078125 0.3892041671875 0.12997187500000001 0.37689374999999997 0.1292609375 0.3570083328125 0.1157671875 0.3465916671875 0.09730156250000001 0.3484854171875 0.08025625 0.3570083328125 0.067471875 0.36268958281249997 0.052556250000000006 0.3759479171875 0.0220171875 0.3759479171875 0.0227265625 0.39109791718750003 0.02556875 0.39678125 0.03338125 0.40056875
1 0 0.39375 0.0071015625 0.42310625 0.08735781249999999 0.41837083281250004 0.1335234375 0.40132500000000004 0.15340937500000001 0.38333333281250004 0.12642031250000002 0.35303125 0.0788359375 0.35208333281250004 0.0561078125 0.1607958328125 0.08167656250000001 0.151325 0.053976562500000005 0.1191291671875 0.036221875 0.1172354171875 0.0120734375 0.1571979171875 0.03693125 0.1571979171875 0.05823906250000001 0.354925 0 0.3691291671875 0 0.39375
1 0.14346562499999999 0.34071875 0.14346562499999999 0.36439374999999996 0.1640625 0.3767041671875 0.20525625 0.3767041671875 0.2329546875 0.3710229171875 0.2819609375 0.354925 0.29119375000000003 0.33882500000000004 0.25923281249999997 0.3274625 0.22443125 0.3274625 0.213778125 0.1465916671875 0.2308234375 0.1428020828125 0.2109375 0.1115520828125 0.19389218749999998 0.1125 0.1711640625 0.1428020828125 0.19673281250000002 0.14753750000000002 0.2073859375 0.323675 0.1711640625 0.32556875 0.14346562499999999 0.34071875
1 0.18892031250000002 0.3804916671875 0.18963125 0.40984791718749997 0.2017046875 0.42973541718749997 0.2571015625 0.43352291718749997 0.30965937499999996 0.4259479171875 0.34943124999999997 0.4126895828125 0.35369375000000003 0.39185625 0.3352265625 0.36818125 0.2819609375 0.36439374999999996 0.27201718750000003 0.16363541718750002 0.29403437499999996 0.1626895828125 0.2741484375 0.13238541718750002 0.2585234375 0.1285979171875 0.2301140625 0.16363541718750002 0.25639218750000003 0.16458333281249998 0.25994375000000003 0.3653416671875 0.18892031250000002 0.3804916671875
1 0.45951718750000003 0.39185625 0.45099375 0.4145833328125 0.44886406250000005 0.4420458328125 0.5269890625 0.46761458281249996 0.6051140625 0.4401520828125 0.6022734375 0.3975375 0.5404828125 0.3871208328125 0.5426140625 0.1835229171875 0.5617890625 0.1778416671875 0.5433234375 0.14185625 0.5234375 0.14564375000000002 0.5092328125 0.1740520828125 0.5248578125 0.18825833281249998 0.5255687499999999 0.39185625 0.45951718750000003 0.39185625
2 0.9984375 0.14753750000000002 0.9815343750000001 0.15700833281249998 0.9730109375 0.1910979171875 0.9984375 0.1873104171875 0.9984375 0.14753750000000002
2 0.97088125 0.2090916671875 0.9984375 0.20814375 0.9984375 0.1854166671875 0.97443125 0.18825833281249998 0.97088125 0.2090916671875
2 0.96875 0.24318125 0.9984375 0.24981041718750002 0.9984375 0.2242416671875 0.9730109375 0.229925 0.96875 0.24318125
0 0.99786875 0.229925 0.9984375 0.21003750000000002 0.9701703125 0.21287916718750002 0.9673296875 0.23087083281249998 0.99786875 0.229925
3 0.53515625 0.16484375 0.05078125 0.03828125
3 0.2609375 0.146875 0.0546875 0.03671875
3 0.20390625 0.13046875 0.0484375 0.0390625
3 0.04453125 0.1390625 0.0609375 0.0390625
5 0.52734375 0.08203125 0.034375 0.02421875