2 0.126953125 0.3294270828125 0.1044921875 0.2994791671875 0.0908203125 0.2916666671875 0.0810546875 0.296875 0.080078125 0.3346354171875 0.095703125 0.3580729171875 0.0869140625 0.3619791671875 0.0703125 0.34765625 0.046875 0.2877604171875 0.0400390625 0.2838541671875 0.025390625 0.3111979171875 0.025390625 0.3424479171875 0.037109375 0.37109375 0.0712890625 0.40625 0.095703125 0.41015625 0.1123046875 0.4036458328125 0.12890625 0.3841145828125 0.1328125 0.3502604171875 0.126953125 0.3294270828125
2 0.291015625 0.7096354171875 0.2744140625 0.6927083328125 0.2509765625 0.6848958328125 0.2177734375 0.6901041671875 0.1962890625 0.703125 0.18359375 0.7174479171875 0.173828125 0.7486979171875 0.1796875 0.77734375 0.1943359375 0.796875 0.2275390625 0.8125 0.2421875 0.8111979171874999 0.2861328125 0.7890625 0.30078125 0.7513020828125 0.298828125 0.7252604171875 0.291015625 0.7096354171875
2 0.126953125 0.8138020828125001 0.0576171875 0.8515625 0.0283203125 0.8489583328125001 0 0.83203125 0.0009765625 0.8671875 0.0380859375 0.8880208328125001 0.060546875 0.88671875 0.0888671875 0.8776041671874999 0.1083984375 0.859375 0.126953125 0.8268229171874999 0.126953125 0.8138020828125001
2 0 0.8294270828125001 0.0322265625 0.8489583328125001 0.0625 0.84765625 0.0986328125 0.8307291671874999 0.126953125 0.8033854171874999 0.126953125 0.75390625 0.12109375 0.73828125 0.1005859375 0.71875 0.0458984375 0.7161458328125 0 0.7486979171875 0 0.8294270828125001
2 0.8662109375 0.4427083328125 0.8369140625 0.4270833328125 0.8095703125 0.4270833328125 0.77734375 0.44921875 0.77734375 0.4752604171875 0.7900390625 0.5 0.8134765625 0.5130208328125 0.84765625 0.5143229171875 0.8623046875 0.5104166671875 0.87890625 0.48828125 0.87890625 0.4596354171875 0.8662109375 0.4427083328125
2 0.806640625 0.04296875 0.8271484375 0.06770833281250001 0.86328125 0.08203125 0.8662109375 0.05989583281250001 0.8193359375 0.0234375 0.810546875 0.02734375 0.806640625 0.04296875
2 0.8203125 0.006510417187500001 0.8193359375 0.0260416671875 0.8603515625 0.05989583281250001 0.873046875 0.05859375 0.880859375 0.0481770828125 0.8779296875 0.0364583328125 0.8330078125 0.0026041671875 0.8203125 0.006510417187500001
2 0.8701171875 0.0338541671875 0.8828125 0.03515625 0.890625 0.014322917187500001 0.8759765625 0 0.826171875 0.0013020828125 0.8701171875 0.0338541671875
0 0.4521484375 0.7552083328125 0.4091796875 0.796875 0.3681640625 0.796875 0.32421875 0.76953125 0.322265625 0.80859375 0.3388671875 0.8385416671874999 0.3642578125 0.8567708328125001 0.40234375 0.8580729171874999 0.4326171875 0.84375 0.455078125 0.8138020828125001 0.4609375 0.7877604171875 0.4521484375 0.7552083328125
0 0.4287109375 0.7317708328125 0.3955078125 0.7473958328125 0.3564453125 0.7473958328125 0.318359375 0.7252604171875 0.3203125 0.7513020828125 0.3388671875 0.78125 0.3662109375 0.7942708328125 0.41015625 0.79296875 0.453125 0.75390625 0.455078125 0.7174479171875 0.4501953125 0.7057291671875 0.4287109375 0.7317708328125
0 0.4404296875 0.6588541671875 0.4111328125 0.6979166671875 0.3818359375 0.7135416671875 0.318359375 0.7096354171875 0.318359375 0.7252604171875 0.3427734375 0.7421875 0.392578125 0.74609375 0.4189453125 0.7369791671875 0.451171875 0.70703125 0.4462890625 0.6614583328125 0.4404296875 0.6588541671875
0 0.439453125 0.57421875 0.4208984375 0.5494791671875 0.3837890625 0.53125 0.3505859375 0.5338541671875 0.3251953125 0.5494791671875 0.3046875 0.5794270828125 0.294921875 0.64453125 0.3017578125 0.6458333328125 0.3310546875 0.6901041671875 0.3603515625 0.7005208328125 0.40234375 0.69921875 0.4228515625 0.6848958328125 0.447265625 0.64453125 0.44921875 0.6002604171875 0.439453125 0.57421875
0 0.2841796875 0.3776041671875 0.2763671875 0.3932291671875 0.2529296875 0.4088541671875 0.203125 0.4153645828125 0.2255859375 0.4401041671875 0.244140625 0.44140625 0.2763671875 0.4322916671875 0.2890625 0.41796875 0.29296875 0.3971354171875 0.2841796875 0.3776041671875
0 0.2548828125 0.3671875 0.2314453125 0.3802083328125 0.185546875 0.37890625 0.2021484375 0.4114583328125 0.234375 0.4127604171875 0.27734375 0.3919270828125 0.28125 0.3684895828125 0.2705078125 0.3463541671875 0.2548828125 0.3671875
0 0.2587890625 0.3255208328125 0.2392578125 0.34375 0.2080078125 0.3515625 0.171875 0.3372395828125 0.173828125 0.3606770828125 0.1865234375 0.375 0.220703125 0.3815104171875 0.2548828125 0.3671875 0.267578125 0.34765625 0.263671875 0.3294270828125 0.2587890625 0.3255208328125
0 0.2119140625 0.2682291671875 0.169921875 0.2955729171875 0.166015625 0.31640625 0.1787109375 0.3411458328125 0.1923828125 0.3489583328125 0.224609375 0.34765625 0.26171875 0.32421875 0.263671875 0.2955729171875 0.2509765625 0.2734375 0.2119140625 0.2682291671875