2 0.295759375 0.3333333328125 0.2533484375 0.3541666671875 0.241071875 0.3675604171875 0.241071875 0.38839375 0.24756248906249997 0.4331125875 0.2845984375 0.4345229171875 0.3125 0.41815416718750004 0.3560265625 0.3854166671875 0.359375 0.35714375 0.337053125 0.33779791718749996 0.295759375 0.3333333328125
2 0.5200890625000001 0.4077375 0.579240625 0.3794645828125 0.5814734374999999 0.35714375 0.5658484374999999 0.32589375 0.5524546875 0.3229166671875 0.5279015625000001 0.3199395828125 0.493303125 0.3199395828125 0.47432968750000004 0.32738125 0.46428593749999997 0.34672708281250003 0.44866093749999997 0.3869041671875 0.454240625 0.41517916718750003 0.5078125 0.4166666671875 0.5200890625000001 0.4077375
0 0.672990625 0.26636875 0.6819203125 0.25 0.6741078125 0.2261895828125 0.6662953125 0.2142854171875 0.618303125 0.20982083281250002 0.5814734374999999 0.2232145828125 0.5703125 0.23958333281250002 0.561384375 0.2797625 0.609375 0.2886895828125 0.6328125 0.2901791671875 0.672990625 0.26636875
1 0.21317031250000001 0.26339375 0.1361609375 0.3244041671875 0.1015625 0.5208333328125 0.170759375 0.5907729171875 0.22098281250000001 0.5342270828125 0.2299109375 0.4672625 0.41629531249999996 0.5044645828125 0.412946875 0.5595229171875 0.46651718750000004 0.5431541671875 0.469865625 0.51339375 0.438615625 0.44196458281249995 0.42522343749999997 0.46875 0.2377234375 0.42857083281249997 0.2533484375 0.3824395828125 0.21317031250000001 0.26339375
1 0.3783484375 0.42410625 0.407365625 0.3452375 0.3337046875 0.32886875 0.3080359375 0.34077291718749997 0.2522328125 0.1264875 0.2834828125 0.11309583281249999 0.243303125 0.07589375000000001 0.2154015625 0.08779791718749999 0.19754531250000001 0.14881041718750002 0.234375 0.13839375 0.2857140625 0.3452375 0.2466515625 0.36904791718749996 0.2310265625 0.4345229171875 0.28125 0.45386875 0.3783484375 0.42410625
1 0.495959375 0.34199375 0.456896875 0.3524104171875 0.417834375 0.3791958328125 0.41560312499999996 0.45360208281250003 0.5439515625 0.44000000000000006 0.618728125 0.37601249999999997 0.5908265625 0.33285624999999996 0.51828125 0.3254166671875 0.4847984375 0.09625 0.5138171875 0.0739291671875 0.48102656250000003 0.029762499999999997 0.44866093749999997 0.037202082812499995 0.4289953125 0.0964583328125 0.46694218750000005 0.0964583328125 0.495959375 0.34199375
1 0.5696203125 0 0.5685046875 0.017589582812499997 0.5941734375000001 0.0220541671875 0.6142640625 0.2333625 0.5551109375000001 0.2527083328125 0.54171875 0.29139791718749997 0.6254234375000001 0.3181854171875 0.70578125 0.2839583328125 0.7113609375000001 0.23038750000000002 0.691271875 0.2214583328125 0.6399328125 0.2110416671875 0.61984375 0.0116375 0.6321203125 0 0.5696203125 0
1 0.8519859375 0 0.853103125 0.2199708328125 0.806228125 0.23485208281249997 0.7705140625 0.2616375 0.7883703125 0.30776875000000004 0.831896875 0.31074375 0.902209375 0.3181854171875 0.9903796874999999 0.263125 0.954665625 0.21401875 0.884353125 0.20360208281249997 0.8798890625 0 0.8519859375 0
3 0.2390625 0.109375 0.06875 0.059375
3 0.4703125 0.06171875 0.075 0.06015625
3 0.44453125 0.496875 0.04453125 0.10078125
3 0.596875 0.0046875 0.05 0.009375