2 0.2265625 0.69140625 0.2060546875 0.6614583328125 0.1591796875 0.6510416671875 0.1318359375 0.6614583328125 0.109375 0.68359375 0.1015625 0.70703125 0.107421875 0.7486979171875 0.1279296875 0.7708333328125 0.15625 0.7799479171875 0.1962890625 0.7682291671875 0.2138671875 0.7552083328125 0.224609375 0.7356770828125 0.2265625 0.69140625
2 0.0244140625 0.6822916671875 0.0009765625 0.6770833328125 0.00390625 0.8059895828125001 0.0498046875 0.765625 0.052734375 0.7513020828125 0.04296875 0.7018229171875 0.0244140625 0.6822916671875
2 0 0.80859375 0.001953125 0.84765625 0.041015625 0.8138020828125001 0.052734375 0.79296875 0.0517578125 0.7760416671875 0 0.80859375
2 0 0.36328125 0.03125 0.3684895828125 0.05859375 0.3450520828125 0.0625 0.3190104171875 0.048828125 0.27734375 0.0224609375 0.24739583281250002 0.0126953125 0.24739583281250002 0.0078125 0.28515625 0.0234375 0.31640625 0.0107421875 0.3203125 0 0.3111979171875 0 0.36328125
2 0.7880859375 0.4166666671875 0.7451171875 0.4036458328125 0.7255859375 0.4088541671875 0.70703125 0.4283854171875 0.70703125 0.4544270828125 0.7236328125 0.4791666671875 0.7490234375 0.4921875 0.783203125 0.4908854171875 0.7978515625 0.4817708328125 0.806640625 0.4622395828125 0.8046875 0.4388020828125 0.7880859375 0.4166666671875
0 0.1845703125 0.23958333281250002 0.1728515625 0.23177083281250002 0.1357421875 0.23177083281250002 0.1162109375 0.23958333281250002 0.1015625 0.2565104171875 0.099609375 0.2903645828125 0.1044921875 0.296875 0.1259765625 0.3125 0.154296875 0.3111979171875 0.1787109375 0.3020833328125 0.1953125 0.28515625 0.1953125 0.2565104171875 0.1845703125 0.23958333281250002
0 0.1552734375 0.3125 0.1240234375 0.3125 0.1044921875 0.296875 0.099609375 0.30078125 0.1015625 0.3190104171875 0.1142578125 0.3385416671875 0.1298828125 0.3463541671875 0.16015625 0.3450520828125 0.197265625 0.3216145828125 0.201171875 0.3033854171875 0.1943359375 0.2890625 0.1552734375 0.3125
0 0.1748046875 0.3411458328125 0.115234375 0.3424479171875 0.1318359375 0.3723958328125 0.16796875 0.3763020828125 0.1904296875 0.3697916671875 0.21484375 0.3450520828125 0.2041015625 0.3125 0.1748046875 0.3411458328125
0 0.2041015625 0.359375 0.1787109375 0.375 0.1328125 0.3763020828125 0.134765625 0.3893229171875 0.1474609375 0.4010416671875 0.1875 0.4049479171875 0.220703125 0.3815104171875 0.224609375 0.3658854171875 0.2138671875 0.3411458328125 0.2041015625 0.359375
0 0.3671875 0.6028645828125 0.3447265625 0.5755208328125 0.3154296875 0.5625 0.2783203125 0.5651041671875 0.2490234375 0.578125 0.2265625 0.6158854171875 0.2265625 0.6471354171875 0.24609375 0.69140625 0.2763671875 0.7005208328125 0.3125 0.69921875 0.3447265625 0.6848958328125 0.3671875 0.66015625 0.376953125 0.6419270828125 0.3671875 0.6028645828125
0 0.3818359375 0.6979166671875 0.3486328125 0.7291666671875 0.3134765625 0.7369791671875 0.2802734375 0.7317708328125 0.24609375 0.70703125 0.25 0.7486979171875 0.2626953125 0.7682291671875 0.2880859375 0.7864583328125 0.328125 0.7877604171875 0.3486328125 0.78125 0.375 0.7565104171875 0.38671875 0.7278645828125 0.3818359375 0.6979166671875
0 0.3525390625 0.6796875 0.3232421875 0.6979166671875 0.248046875 0.69921875 0.2490234375 0.7083333328125 0.2822265625 0.7317708328125 0.328125 0.7330729171875 0.3505859375 0.7265625 0.3828125 0.69921875 0.3779296875 0.6458333328125 0.3525390625 0.6796875
0 0.37890625 0.76171875 0.3349609375 0.7890625 0.2900390625 0.7890625 0.2626953125 0.7682291671875 0.2490234375 0.7473958328125 0.23828125 0.7721354171875 0.244140625 0.8138020828125001 0.2705078125 0.84375 0.298828125 0.8528645828125001 0.3369140625 0.8463541671874999 0.3603515625 0.828125 0.37890625 0.7955729171875 0.37890625 0.76171875
2 0.744140625 0.01171875 0.7421875 0.0247395828125 0.7666015625 0.0546875 0.798828125 0.06380208281250001 0.802734375 0.05338541718749999 0.7978515625 0.0416666671875 0.7509765625 0.0052083328125 0.744140625 0.01171875
2 0.7978515625 0.0442708328125 0.80859375 0.04296875 0.814453125 0.0247395828125 0.7900390625 0 0.751953125 0.0013020828125 0.7978515625 0.0442708328125
2 0.5178571421875 0.09970238125 0.49553571406249997 0.09970238125 0.477678571875 0.11904761875 0.48772321406249997 0.1324404765625 0.5111607140625 0.15178571406250002 0.5390625 0.1592261890625 0.5424107140625 0.15029761875 0.5412946421875 0.12946428593749998 0.5323660718750001 0.10714285625 0.5178571421875 0.09970238125