2 0.5875 0.6625 0.5984375 0.6875 0.6296875 0.7041666671875 0.684375 0.70625 0.7296875 0.6833333328125 0.7375 0.6458333328125 0.721875 0.6166666671875001 0.6984375 0.6041666671875 0.6515625 0.6020833328124999 0.6109375 0.6145833328125 0.5921875 0.6354166671875 0.5875 0.6625
2 0.5203125 0.53125 0.534375 0.5416666671875 0.559375 0.54375 0.590625 0.5375 0.60625 0.525 0.6109375 0.5125 0.6078125 0.4916666671875 0.565625 0.48125 0.521875 0.5 0.5171875 0.5083333328124999 0.5203125 0.53125
2 0.646875 0.50625 0.7046875 0.5125 0.7296875 0.49583333281249997 0.73125 0.4770833328125 0.725 0.46458333281249997 0.684375 0.45416666718750004 0.6453125 0.46875 0.6421875 0.49583333281249997 0.646875 0.50625
2 0.6703125 0.575 0.69375 0.5833333328125 0.734375 0.58125 0.7546875 0.5604166671875 0.7609375 0.5354166671875 0.7578125 0.5166666671875 0.7078125 0.5104166671875 0.6671875 0.53125 0.6625 0.5520833328125 0.6703125 0.575
2 0.884375 0.53194375 0.9234375 0.5520833328125 0.9328125 0.56875 0.9640625 0.5583333328125 0.9984375 0.5583333328125 0.9984375 0.5208333328125 0.9833328124999999 0.5097229171875 0.940625 0.4986104171875 0.8875 0.5125 0.884375 0.53194375
2 0.809375 0.5604166671875 0.8421875 0.6041666671875 0.890625 0.6041666671875 0.9109375 0.59375 0.91875 0.58125 0.91875 0.5604166671875 0.9109375 0.5458333328125 0.8828125 0.53125 0.8453125 0.5270833328125 0.809375 0.5333333328125 0.803125 0.5416666671875 0.809375 0.5604166671875
2 0.975 0.425 0.9541671875000001 0.41805624999999996 0.921875 0.4166666671875 0.9010421875000001 0.4236104171875 0.8875 0.44444375 0.8979171875 0.46805624999999995 0.9104171875 0.4722229171875 0.9447921875 0.4777770828125 0.9770828125 0.46111041718749995 0.9885421875 0.44861041718749994 0.9864578125 0.43333333281249997 0.975 0.425
2 0.41458281250000006 0.44861041718749994 0.43645781250000004 0.44861041718749994 0.45520781250000003 0.45 0.46979218749999996 0.44444375 0.47083281250000003 0.4361104171875 0.45625 0.4152770828125 0.4270828125 0.41805624999999996 0.4166671875 0.4236104171875 0.4114578125 0.4361104171875 0.41458281250000006 0.44861041718749994
0 0.37775781249999996 0.43505000000000005 0.38189375000000003 0.44546666718749994 0.39476093749999996 0.44730416718750005 0.4080875 0.44546666718749994 0.41130468750000004 0.4430145828125 0.41130468750000004 0.4338229171875 0.414521875 0.42401875 0.42463281249999996 0.4191166671875 0.431065625 0.41482916718749996 0.4237125 0.4056375 0.412684375 0.4044125 0.39797812499999996 0.407475 0.38557031249999996 0.4129895828125 0.3731625 0.4166666671875 0.3717828125 0.4252458328125 0.37775781249999996 0.43505000000000005
0 0.5808828125 0.4129895828125 0.5827203125 0.40869999999999995 0.5859375 0.40318541718749995 0.587315625 0.3988979171875 0.5813421875 0.3939958328125 0.5730703125 0.39276875 0.5703125 0.39276875 0.563878125 0.39276875 0.5592828125 0.3939958328125 0.5602015625 0.4007354171875 0.5597421875 0.4123770828125 0.5551468749999999 0.42585833281249996 0.5643374999999999 0.42585833281249996 0.5721499999999999 0.42585833281249996 0.5776656250000001 0.4252458328125 0.5808828125 0.4129895828125
0 0.671875 0.3786770828125 0.6741734375 0.3658083328125 0.670496875 0.35968125 0.665440625 0.3547791671875 0.6502749999999999 0.3535541671875 0.639246875 0.3541666671875 0.6286765625 0.35539166718750004 0.6199453125 0.35845625000000003 0.6148890625 0.36090625 0.6135109375 0.3645833328125 0.6153500000000001 0.3688729171875 0.623621875 0.3731625 0.6286765625 0.3786770828125 0.6295953125 0.38664166718750004 0.640625 0.38909375 0.6534921875 0.3872541671875 0.6645218749999999 0.3848041671875 0.671875 0.3786770828125
0 0.6778500000000001 0.3964458328125 0.6760109375 0.3848041671875 0.673253125 0.3823520828125 0.6677390625 0.3823520828125 0.6594671875 0.3854166671875 0.6544125000000001 0.3860291671875 0.6447609375 0.3878666671875 0.6383265625 0.3878666671875 0.6346499999999999 0.38970625000000003 0.6360296875 0.3933833328125 0.6410843749999999 0.40318541718749995 0.6410843749999999 0.4099270828125 0.65625 0.407475 0.6608453125 0.4068625 0.6723343749999999 0.40318541718749995 0.6778500000000001 0.3964458328125
1 0.4356625 0.5061270828125 0.46415468750000005 0.5067395828125 0.46875 0.48284374999999996 0.46185625 0.4748770828125 0.47977968750000005 0.4497541671875 0.48851093749999996 0.467525 0.5408999999999999 0.46568541718749995 0.5537687499999999 0.43259791718749996 0.5606625000000001 0.3958333328125 0.5211390625 0.3376229171875 0.467371875 0.3370104171875 0.4512875 0.3988979171875 0.47288593749999996 0.438725 0.45542343750000003 0.4650729171875 0.43658125 0.4620104171875 0.42876875 0.4791666671875 0.4356625 0.5061270828125
1 0.6433828125 0.42218125000000006 0.6833640625 0.41605416718750005 0.6930140625 0.407475 0.6925546875 0.39154374999999997 0.6829046875 0.3872541671875 0.6741734375 0.38664166718750004 0.6521140625 0.38909375 0.642003125 0.26164166718750004 0.6534921875 0.2579666671875 0.6424624999999999 0.2377458328125 0.631434375 0.23651875000000003 0.6171875 0.2579666671875 0.6332718749999999 0.2604166671875 0.6387875000000001 0.3933833328125 0.6433828125 0.42218125000000006
0 0.81324375 0.4801583328125 0.8043156249999999 0.4871041671875 0.7991078125 0.5039687500000001 0.8072921875000001 0.51885 0.8154765625 0.5287708328125 0.8333328124999999 0.5327375 0.8526781250000001 0.5267854171875 0.8712796875000001 0.5287708328125 0.8839281250000001 0.5248020828125 0.8891375 0.5128958328125 0.9077375 0.5059520828124999 0.9122031249999999 0.5039687500000001 0.90550625 0.4861104171875 0.8831843750000001 0.47618958281249996 0.8497031249999999 0.47420625000000005 0.828125 0.4771833328125 0.81324375 0.4801583328125
0 0.9412203124999999 0.5674604171875 0.9293156249999999 0.5744041671875 0.9248515625 0.5942458328125 0.9263390625 0.6190479171875001 0.9419640625 0.6339291671875 0.9598218749999999 0.6408729171875 0.9813984375 0.6448416671875 0.9984375 0.6498020828125 0.9984375 0.5595229171875 0.9925593750000001 0.5585312499999999 0.96949375 0.5605166671874999 0.9613093750000001 0.5615083328125 0.9412203124999999 0.5674604171875
3 0.6359375 0.24765625 0.03359375 0.0234375
3 0.88203125 0.078125 0.03125 0.0203125
3 0.44765625 0.48359375 0.03828125 0.04296875