2 0.107421875 0.1940104171875 0.0771484375 0.1588541671875 0.0654296875 0.1588541671875 0.056640625 0.1705729171875 0.060546875 0.21744791718749998 0.0556640625 0.22395833281250002 0.0390625 0.1940104171875 0.033203125 0.1627604171875 0.0205078125 0.1484375 0.005859375 0.1888020828125 0.013671875 0.23828125 0.0478515625 0.2734375 0.0859375 0.27734375 0.0966796875 0.2734375 0.111328125 0.2513020828125 0.11328125 0.21744791718749998 0.107421875 0.1940104171875
2 0.8525390625 0.3385416671875 0.8310546875 0.3255208328125 0.8056640625 0.3255208328125 0.7783203125 0.3333333328125 0.767578125 0.3450520828125 0.763671875 0.3736979171875 0.7802734375 0.4010416671875 0.8115234375 0.4166666671875 0.833984375 0.4153645828125 0.8564453125 0.4088541671875 0.8671875 0.39453125 0.8671875 0.3606770828125 0.8525390625 0.3385416671875
2 0.27734375 0.6028645828125 0.2626953125 0.578125 0.2451171875 0.5677083328125 0.2060546875 0.5625 0.1806640625 0.5703125 0.158203125 0.6002604171875 0.150390625 0.62109375 0.150390625 0.6471354171875 0.1767578125 0.6770833328125 0.22265625 0.6861979171875 0.2431640625 0.6796875 0.2734375 0.65234375 0.279296875 0.6341145828125 0.27734375 0.6028645828125
2 0 0.71484375 0.037109375 0.7174479171875 0.0712890625 0.7057291671875 0.103515625 0.66796875 0.09765625 0.61328125 0.0693359375 0.5859375 0.0263671875 0.5859375 0 0.5950520828125 0 0.71484375
2 0 0.7200520828125 0.0009765625 0.7526041671875 0.044921875 0.75390625 0.0869140625 0.7265625 0.10546875 0.6783854171875 0.0595703125 0.7135416671875 0 0.7200520828125
0 0.423828125 0.66796875 0.4052734375 0.6901041671875 0.3857421875 0.7005208328125 0.3505859375 0.7057291671875 0.3251953125 0.6979166671875 0.2998046875 0.6640625 0.2919921875 0.6640625 0.287109375 0.70703125 0.294921875 0.73046875 0.3134765625 0.7526041671875 0.357421875 0.7643229171875 0.3837890625 0.7578125 0.419921875 0.72265625 0.427734375 0.7018229171875 0.423828125 0.66796875
0 0.4287109375 0.6067708328125 0.3818359375 0.6484375 0.3466796875 0.6510416671875 0.3037109375 0.6302083328125 0.298828125 0.6341145828125 0.296875 0.66015625 0.3212890625 0.6927083328125 0.3447265625 0.703125 0.373046875 0.7018229171875 0.4052734375 0.6875 0.421875 0.66796875 0.43359375 0.63671875 0.4287109375 0.6067708328125
0 0.3681640625 0.4765625 0.3271484375 0.4765625 0.2880859375 0.4947916671875 0.2734375 0.5221354171875 0.2734375 0.5533854171875 0.294921875 0.60546875 0.361328125 0.6106770828125 0.4296875 0.5690104171875 0.4140625 0.51171875 0.3974609375 0.4921875 0.3681640625 0.4765625
0 0.427734375 0.5794270828125 0.4150390625 0.5729166671875 0.3955078125 0.5963541671875 0.3623046875 0.6119791671875 0.296875 0.6106770828125 0.2998046875 0.6328125 0.3447265625 0.6510416671875 0.3671875 0.6497395828125 0.3896484375 0.6458333328125 0.4189453125 0.6197916671875 0.4306640625 0.6223958328125 0.427734375 0.5794270828125
0 0.2373046875 0.2864583328125 0.1875 0.2903645828125 0.19140625 0.3059895828125 0.2041015625 0.3151041671875 0.24609375 0.31640625 0.275390625 0.2981770828125 0.27734375 0.2747395828125 0.2685546875 0.2578125 0.2373046875 0.2864583328125
0 0.2529296875 0.22916666718749998 0.2373046875 0.24739583281250002 0.2099609375 0.2604166671875 0.16796875 0.2565104171875 0.1826171875 0.2838541671875 0.201171875 0.2903645828125 0.2470703125 0.28125 0.263671875 0.2643229171875 0.263671875 0.23567708281250002 0.2529296875 0.22916666718749998
0 0.2177734375 0.22395833281250002 0.1826171875 0.2265625 0.15625 0.21223958281250002 0.158203125 0.23307291718749998 0.1728515625 0.2552083328125 0.208984375 0.2591145828125 0.2373046875 0.24739583281250002 0.2578125 0.22265625 0.2392578125 0.2109375 0.2177734375 0.22395833281250002
0 0.2412109375 0.1536458328125 0.2041015625 0.140625 0.1787109375 0.1484375 0.15234375 0.1731770828125 0.15234375 0.1966145828125 0.1630859375 0.21614583281250002 0.201171875 0.22526041718749998 0.2294921875 0.21875 0.244140625 0.20442708281250002 0.25 0.1705729171875 0.2412109375 0.1536458328125