2 0.401171875 0.5166666671875 0.412890625 0.5151041671875001 0.423046875 0.5114583328125 0.424609375 0.5057291671875 0.425 0.49583333281249997 0.42109375 0.48854166718750003 0.414453125 0.4859375 0.401953125 0.4848958328125 0.381640625 0.4869791671875 0.367578125 0.49114583281249996 0.3671875 0.5083333328124999 0.383984375 0.5072916671875001 0.39375 0.5130208328125 0.401171875 0.5166666671875
0 0.9484375 0.559375 0.94765625 0.571875 0.95703125 0.5838541671875 0.972265625 0.5890625 0.991015625 0.5942708328124999 0.9984375 0.5942708328124999 0.9984375 0.5453125 0.9984375 0.5442708328125 0.965234375 0.5463541671875001 0.951953125 0.5520833328125 0.9484375 0.559375
0 0.273828125 0.9098958328125001 0.2828125 0.9395833328125001 0.29609375 0.9619791671875 0.325 0.959375 0.333984375 0.9333333328125001 0.3375 0.8989583328125 0.330078125 0.8166666671874999 0.317578125 0.7078125 0.31015625 0.6994791671875 0.28203125 0.7026041671875001 0.264453125 0.7385416671875 0.2640625 0.7640625 0.271875 0.884375 0.273828125 0.9098958328125001
2 0.69921875 0.6743750000000001 0.698828125 0.693125 0.701953125 0.7025 0.708203125 0.7134375000000001 0.725 0.7275 0.751953125 0.7321875 0.78046875 0.7347916671875 0.82109375 0.7316666671875 0.840234375 0.724375 0.85859375 0.7092708328125 0.87421875 0.6946875 0.878515625 0.6743750000000001 0.8765625 0.6540625 0.86953125 0.6446875000000001 0.852734375 0.6295833328125 0.83359375 0.6233333328125 0.81953125 0.6217708328125 0.756640625 0.6264583328125 0.720703125 0.6426041671875 0.712890625 0.6504166671875 0.70390625 0.6608333328125 0.69921875 0.6743750000000001
0 0.79140625 0.8004166671874999 0.830078125 0.8113541671875 0.865625 0.8092708328124999 0.89296875 0.7926041671874999 0.908984375 0.7681250000000001 0.9125 0.7420833328125 0.90390625 0.7202083328125 0.895703125 0.7097916671875 0.869921875 0.6978125000000001 0.854296875 0.7160416671875 0.8296875 0.7295833328125 0.811328125 0.7342708328125 0.77890625 0.7358333328125 0.732421875 0.7311458328125 0.731640625 0.7597916671875 0.74375 0.7775000000000001 0.76171875 0.7941666671875 0.79140625 0.8004166671874999
2 0.738671875 0.7717708328125 0.733984375 0.7561458328125 0.71328125 0.7660416671875 0.706640625 0.774375 0.701953125 0.7936458328125 0.70234375 0.8160416671874999 0.723046875 0.8446875 0.741015625 0.8603125 0.77890625 0.8722916671875 0.803125 0.8759375 0.827734375 0.8764583328125 0.8546875 0.8676041671875 0.866796875 0.85875 0.8765625 0.8441666671875 0.88359375 0.8280208328124999 0.882421875 0.8139583328125 0.875390625 0.8025 0.8296875 0.8123958328124999 0.758984375 0.79 0.738671875 0.7717708328125
1 0.6796875 0.7738104171875 0.672990625 0.86011875 0.8125 0.9255958328125 0.9430796875 0.8869041671875 0.9151781250000001 0.8005958328125 0.8102671875 0.7559520828124999 0.8125 0.46428541718750005 0.8493296875 0.45982083281249997 0.8080359375 0.3943458328125 0.7834828125 0.3973208328125 0.748884375 0.4583333328125 0.7868296875 0.4627979171875 0.7790171875 0.7455354171875 0.6796875 0.7738104171875
0 0.5200890625000001 0.5029770828125 0.506696875 0.5059520828124999 0.5033484374999999 0.5238104171875 0.530134375 0.5252979171875001 0.5513390625000001 0.51488125 0.5368296875 0.5044645828125 0.5200890625000001 0.5029770828125
3 0.29921875 0.10234375 0.0703125 0.0546875
3 0.79921875 0.43203125 0.09609375 0.06953125
4 0.88984375 0.30078125 0.025 0.015625