2 0.2666015625 0.4010416671875 0.271484375 0.3893229171875 0.259765625 0.36328125 0.2470703125 0.3541666671875 0.2275390625 0.3567708328125 0.2060546875 0.3776041671875 0.1904296875 0.359375 0.15625 0.38671875 0.154296875 0.40234375 0.1630859375 0.421875 0.203125 0.4283854171875 0.2236328125 0.4244791671875 0.2314453125 0.4088541671875 0.2587890625 0.4088541671875 0.2666015625 0.4010416671875
2 0.2099609375 0.7734375 0.1552734375 0.7734375 0.1337890625 0.7890625 0.119140625 0.8111979171874999 0.109375 0.8502604171874999 0.111328125 0.87109375 0.1494140625 0.9010416671874999 0.189453125 0.90234375 0.23828125 0.8658854171874999 0.244140625 0.83203125 0.240234375 0.8059895828125001 0.2099609375 0.7734375
2 0.4140625 0.8033854171874999 0.3994140625 0.7760416671875 0.3740234375 0.7604166671875 0.3193359375 0.7682291671875 0.291015625 0.80859375 0.29296875 0.8450520828125001 0.3154296875 0.875 0.357421875 0.8841145828125001 0.3798828125 0.8776041671874999 0.40625 0.85546875 0.4140625 0.83203125 0.4140625 0.8033854171874999
2 0.9521484375 0.5442708328125 0.9140625 0.5638020828125 0.91015625 0.5950520828125 0.9248046875 0.6197916671875 0.9521484375 0.6380208328125 0.984375 0.6393229171875 1 0.63671875 0.9990234375 0.5625 0.9755859375 0.546875 0.9521484375 0.5442708328125
2 0.2255859375 0.8776041671874999 0.2099609375 0.8932291671874999 0.1787109375 0.90625 0.1533203125 0.9036458328125001 0.11328125 0.87890625 0.11328125 0.90234375 0.1240234375 0.9192708328125001 0.1572265625 0.9427083328125001 0.181640625 0.94140625 0.2099609375 0.9296875 0.234375 0.8997395828125001 0.234375 0.87890625 0.2255859375 0.8776041671874999
0 0.5546875 0.71484375 0.5322265625 0.6927083328125 0.5009765625 0.6822916671875 0.4697265625 0.6822916671875 0.4365234375 0.6979166671875 0.41796875 0.7278645828125 0.416015625 0.76953125 0.4482421875 0.8098958328125001 0.4921875 0.8190104171874999 0.5283203125 0.8098958328125001 0.560546875 0.77734375 0.564453125 0.75390625 0.5546875 0.71484375
0 0.5166015625 0.8177083328125001 0.4677734375 0.8203125 0.4365234375 0.8098958328125001 0.431640625 0.8190104171874999 0.4326171875 0.8333333328125001 0.4677734375 0.8515625 0.515625 0.8580729171874999 0.56640625 0.8346354171874999 0.5703125 0.7981770828125 0.5654296875 0.78125 0.5166015625 0.8177083328125001
0 0.5693359375 0.828125 0.5185546875 0.859375 0.4951171875 0.859375 0.435546875 0.8372395828125001 0.43359375 0.8684895828125001 0.4482421875 0.8880208328125001 0.4775390625 0.9114583328125001 0.509765625 0.9127604171874999 0.5322265625 0.90625 0.560546875 0.8815104171874999 0.572265625 0.8580729171874999 0.5693359375 0.828125
0 0.564453125 0.8893229171874999 0.5556640625 0.8828125 0.5400390625 0.9010416671874999 0.5146484375 0.9140625 0.4833984375 0.9140625 0.4462890625 0.8854166671874999 0.4345703125 0.859375 0.421875 0.89453125 0.431640625 0.9361979171874999 0.4658203125 0.9713541671874999 0.49609375 0.9752604171874999 0.5263671875 0.96875 0.5458984375 0.953125 0.564453125 0.9153645828125001 0.564453125 0.8893229171874999
2 0.9776785718750001 0.1398809515625 0.9575892859374999 0.1398809515625 0.953125 0.15029761875 0.9508928578125 0.1681547625 0.9676339281249999 0.1785714296875 0.9866071421875 0.1845238109375 1 0.1949404765625 0.9966517859374999 0.1577380953125 0.9854910718750001 0.1473214296875 0.9776785718750001 0.1398809515625
2 1 0.11904761875 0.9832589281249999 0.10714285625 0.96875 0.11755952343750001 0.9720982140625001 0.1339285703125 0.9899553578125 0.1547619046875 1 0.16071428593749998 1 0.1398809515625 1 0.11904761875
2 1 0.09375 0.9933035718750001 0.0818452375 0.9821428578125 0.0892857140625 0.9799107140625001 0.10119047656249999 0.9921875 0.11755952343750001 1 0.1264880953125 1 0.09375