2 0.412109375 0.80078125 0.40625 0.78515625 0.3857421875 0.7604166671875 0.3642578125 0.7552083328125 0.3369140625 0.7552083328125 0.3076171875 0.7708333328125 0.2890625 0.8059895828125001 0.294921875 0.8502604171874999 0.3134765625 0.8697916671874999 0.3369140625 0.8802083328125001 0.359375 0.87890625 0.3896484375 0.8671875 0.40625 0.8502604171874999 0.412109375 0.8346354171874999 0.412109375 0.80078125
2 0.232421875 0.79296875 0.2021484375 0.7682291671875 0.1494140625 0.7734375 0.12109375 0.80078125 0.115234375 0.8216145828125001 0.119140625 0.8268229171874999 0.1162109375 0.8333333328125001 0.111328125 0.8294270828125001 0.111328125 0.8450520828125001 0.1171875 0.83984375 0.1171875 0.86328125 0.1279296875 0.8828125 0.1552734375 0.8984375 0.177734375 0.8971354171874999 0.2138671875 0.8828125 0.240234375 0.8424479171874999 0.240234375 0.81640625 0.232421875 0.79296875
2 0.2236328125 0.875 0.2060546875 0.890625 0.1767578125 0.9010416671874999 0.1494140625 0.8984375 0.1240234375 0.8776041671874999 0.111328125 0.87890625 0.119140625 0.91015625 0.1318359375 0.9270833328125001 0.1591796875 0.9375 0.18359375 0.9361979171874999 0.2138671875 0.921875 0.236328125 0.89453125 0.240234375 0.87890625 0.2236328125 0.875
2 0.2275390625 0.34375 0.1650390625 0.3567708328125 0.15234375 0.3736979171875 0.154296875 0.3919270828125 0.1708984375 0.40625 0.1875 0.4049479171875 0.2119140625 0.3932291671875 0.2451171875 0.3984375 0.2578125 0.3736979171875 0.2275390625 0.34375
2 0.9287109375 0.5442708328125 0.91015625 0.5638020828125 0.90625 0.5872395828125 0.9208984375 0.6145833328125 0.9423828125 0.6302083328125 0.974609375 0.6341145828125 1 0.62890625 0.9990234375 0.5546875 0.9541015625 0.5390625 0.9287109375 0.5442708328125
0 0.552734375 0.7096354171875 0.5302734375 0.6875 0.4873046875 0.6770833328125 0.4560546875 0.6796875 0.4306640625 0.6979166671875 0.4140625 0.7278645828125 0.4140625 0.7591145828125 0.431640625 0.79296875 0.4619140625 0.8125 0.5 0.8138020828125001 0.5341796875 0.7994791671875 0.55859375 0.76953125 0.564453125 0.75390625 0.552734375 0.7096354171875
0 0.5126953125 0.8125 0.4853515625 0.8177083328125001 0.4365234375 0.8046875 0.431640625 0.8138020828125001 0.4326171875 0.8229166671874999 0.4736328125 0.8489583328125001 0.515625 0.8502604171874999 0.5439453125 0.8411458328125001 0.568359375 0.8190104171874999 0.5673828125 0.7734375 0.5126953125 0.8125
0 0.5361328125 0.84375 0.5107421875 0.8515625 0.4677734375 0.8463541671874999 0.4443359375 0.8307291671874999 0.4365234375 0.8125 0.431640625 0.81640625 0.431640625 0.85546875 0.4482421875 0.8828125 0.4775390625 0.9010416671874999 0.521484375 0.90234375 0.5517578125 0.8828125 0.56640625 0.8606770828125001 0.5673828125 0.8151041671874999 0.5361328125 0.84375
0 0.560546875 0.87890625 0.5556640625 0.875 0.5224609375 0.9036458328125001 0.4755859375 0.90625 0.4501953125 0.8854166671874999 0.4326171875 0.8541666671874999 0.421875 0.87890625 0.421875 0.91015625 0.431640625 0.9361979171874999 0.4677734375 0.96875 0.49609375 0.9700520828125001 0.5166015625 0.9661458328125001 0.552734375 0.9361979171874999 0.5625 0.91015625 0.560546875 0.87890625
0 0.41071428593750003 0.5029761890625 0.41741071406249997 0.4836309515625 0.415178571875 0.45982142968749995 0.3984375 0.46428571406249997 0.3850446421875 0.47470238125 0.36607142812500004 0.4836309515625 0.3515625 0.47767857031250005 0.33928571406249997 0.46875 0.32700892812500004 0.4672619046875 0.328125 0.48065476250000005 0.33928571406249997 0.4985119046875 0.35825892812500004 0.5133928562500001 0.37611607187499996 0.5119047625 0.3984375 0.5119047625 0.41071428593750003 0.5029761890625
0 0.3649553578125 0.4791666671875 0.38169642812500004 0.4717261890625 0.40290178593750003 0.45982142968749995 0.415178571875 0.44940476250000005 0.41071428593750003 0.4360119046875 0.38950892812500004 0.43154761875 0.375 0.4449404765625 0.34263392812500004 0.44940476250000005 0.3147321421875 0.44345238125 0.31584821406249997 0.45684523749999995 0.33258928593750003 0.47321428593750003 0.3415178578125 0.4761904765625 0.3649553578125 0.4791666671875
0 0.36049107187499996 0.41815476250000005 0.37834821406249997 0.4092261890625 0.390625 0.40178571406249997 0.3883928578125 0.375 0.3828125 0.3511904765625 0.36272321406249997 0.33928571406249997 0.30915178593750003 0.3630952375 0.2991071421875 0.37946428593750003 0.3024553578125 0.4136904765625 0.33928571406249997 0.41815476250000005 0.36049107187499996 0.41815476250000005
2 1 0.1577380953125 0.9877232140625001 0.13839285625 0.9676339281249999 0.1324404765625 0.953125 0.1369047625 0.9609375 0.1532738109375 0.9821428578125 0.1755952375 0.9933035718750001 0.1904761890625 1 0.1904761890625 1 0.1577380953125
2 0.9944196421875 0.0788690484375 0.9776785718750001 0.0818452375 0.9888392859374999 0.11160714375 1 0.12946428593749998 0.9944196421875 0.0788690484375
2 1 0.12053571406250001 0.9832589281249999 0.1041666671875 0.9709821421875 0.10714285625 0.9732142859374999 0.1235119046875 0.9877232140625001 0.1443452375 1 0.16220238125 1 0.12053571406250001