2 0.37132343749999996 0.48835833281249996 0.368565625 0.5049020828125 0.3684772703125 0.5053733109375 0.37094068281250003 0.5044353234375001 0.3984375 0.5153187499999999 0.42279375 0.5098041671875 0.42463281249999996 0.4963229171875 0.42095625 0.48406874999999994 0.40303281249999995 0.4816166671875 0.37132343749999996 0.48835833281249996
1 0.5234375 0.8104166671874999 0.5203125 0.8291666671875 0.5328125 0.8354166671875 0.5328125 0.8458333328125001 0.571875 0.8416666671874999 0.5828125 0.83125 0.584375 0.7791666671875 0.575 0.7583333328124999 0.5671875 0.7583333328124999 0.528125 0.7854166671875 0.534375 0.8020833328125001 0.5234375 0.8104166671874999
1 0.3140625 0.6479166671875001 0.3125 0.6854166671875 0.3484375 0.7604166671875 0.38125 0.7583333328124999 0.3984375 0.7270833328124999 0.425 0.7125 0.459375 0.7166666671875 0.4828125 0.7416666671875001 0.515625 0.7229166671875 0.4671875 0.6875 0.490625 0.6270833328125 0.4890625 0.5958333328125 0.4734375 0.5354166671875 0.45625 0.5145833328125 0.425 0.5145833328125 0.3796875 0.5270833328125 0.3609375 0.54375 0.3140625 0.6479166671875001
0 0.240625 0.8416666671874999 0.25 0.9354166671874999 0.265625 0.95625 0.2875 0.9604166671875 0.30625 0.9520833328125 0.3140625 0.9395833328125001 0.3171875 0.8520833328125 0.3078125 0.7229166671875 0.296875 0.7041666671875 0.2796875 0.7 0.2625 0.70625 0.2453125 0.7291666671875 0.240625 0.8416666671874999
0 0.8140625 0.9104166671874999 0.8359375 0.9479166671874999 0.8859375 0.975 0.9203125 0.9833333328125 0.9703125 0.98125 0.9984375 0.96875 0.9984375 0.86875 0.946875 0.83125 0.875 0.8208333328125 0.8296875 0.8395833328125001 0.815625 0.8604166671875 0.8140625 0.9104166671874999
0 0.9515625 0.5854166671875001 0.9703125 0.6 0.9984375 0.60625 0.9984375 0.5395833328124999 0.9953125 0.5395833328124999 0.9546875 0.5520833328125 0.9484375 0.5645833328125 0.9515625 0.5854166671875001
2 0.5015625 0.73125 0.471875 0.7729166671875001 0.465625 0.8145833328125001 0.48125 0.8291666671875 0.5140625 0.8229166671874999 0.5359375 0.8 0.53125 0.78125 0.56875 0.7604166671875 0.5765625 0.7708333328125 0.5875 0.7645833328125 0.603125 0.7416666671875001 0.603125 0.7208333328125 0.5921875 0.7 0.571875 0.69375 0.5171875 0.71875 0.4859375 0.7041666671875 0.5015625 0.73125
2 0.3859375 0.7729166671875001 0.409375 0.7958333328125 0.4546875 0.8 0.478125 0.7333333328125 0.465625 0.7208333328125 0.43125 0.7208333328125 0.390625 0.7354166671875 0.384375 0.7520833328125 0.3859375 0.7729166671875001
0 0.5041671875 0.5236104171875 0.525 0.5263895828125 0.5385421874999999 0.5263895828125 0.5510421875 0.51805625 0.5416671875 0.5041666671875 0.5177078125000001 0.5013895828125 0.503125 0.50694375 0.49895781250000004 0.51944375 0.5041671875 0.5236104171875
3 0.28828125 0.1015625 0.06953125 0.0546875
3 0.55546875 0.80234375 0.06015625 0.0859375
4 0.88984375 0.30078125 0.02421875 0.01640625