2 0.01953125 0.3138020828125 0.033203125 0.3033854171875 0.0009765625 0.2708333328125 0 0.3111979171875 0.01953125 0.3138020828125
2 0.0009765625 0.1979166671875 0 0.24088541718749998 0.05859375 0.2955729171875 0.076171875 0.2565104171875 0.0703125 0.22005208281250002 0.0380859375 0.1979166671875 0.0009765625 0.1979166671875
2 0.0712890625 0.3203125 0.078125 0.3190104171875 0.0859375 0.2955729171875 0.0791015625 0.2630208328125 0.05859375 0.30078125 0.0712890625 0.3203125
2 0.0009765625 0.3203125 0 0.3580729171875 0.01171875 0.3580729171875 0.0498046875 0.3489583328125 0.05859375 0.3346354171875 0.0380859375 0.3098958328125 0.0009765625 0.3203125
2 0.0380859375 0.3541666671875 0.0009765625 0.359375 0.001953125 0.40234375 0.0458984375 0.390625 0.078125 0.36328125 0.0634765625 0.3411458328125 0.0380859375 0.3541666671875
2 0.0458984375 0.390625 0 0.40234375 0.0009765625 0.421875 0.048828125 0.42578125 0.091796875 0.39453125 0.0849609375 0.3697916671875 0.0771484375 0.3645833328125 0.0458984375 0.390625
0 0.48220441718749996 0.6934290859375001 0.47439191718749996 0.66738741875 0.45193097968749996 0.6374395015625 0.42458722968749996 0.6218145015625 0.3933372296875 0.6192103359375001 0.3562278546875 0.6296270015625 0.3445091046875 0.6374395015625 0.3142356671875 0.6856165859375001 0.3122825421875 0.75332491875 0.3347434796875 0.78066866875 0.3620872296875 0.7988978359375001 0.3816184796875 0.8067103359375001 0.41189191718749996 0.8054082515625 0.43630597968749996 0.7988978359375001 0.46853254218749996 0.76894991875 0.48220441718749996 0.7324915859375001 0.48220441718749996 0.6934290859375001
0 0.445854065625 0.7931128796875 0.439994690625 0.8087378796875001 0.38726031562499996 0.8139462125 0.33843219062499996 0.7879045453125 0.31304156562499996 0.7488420453125 0.31011187812499996 0.7527482953125 0.31401812812499996 0.7866024625 0.34038531562499996 0.8217587125 0.36186969062499996 0.8373837125 0.39800250312499996 0.8438941296875001 0.424369690625 0.8373837125 0.469291565625 0.7983212125 0.470268128125 0.7761857953125 0.445854065625 0.7931128796875
0 0.3996315203125 0.2800921515625 0.3586158953125 0.26707131875 0.3332252703125 0.26707131875 0.3019752703125 0.28269631875 0.2795143328125 0.3204567359375 0.2834205828125 0.35691506875 0.3136940203125 0.38425881875 0.3732643328125 0.4011859015625 0.40158464531250004 0.3868629859375 0.42209245781250004 0.3595192359375 0.42209245781250004 0.30222756875 0.3996315203125 0.2800921515625
0 0.4638671875 0.8020833328125001 0.4560546875 0.8020833328125001 0.4208984375 0.8385416671874999 0.3935546875 0.8463541671874999 0.3525390625 0.8359375 0.30859375 0.79296875 0.30859375 0.82421875 0.3369140625 0.8697916671874999 0.3681640625 0.8880208328125001 0.404296875 0.88671875 0.4345703125 0.8697916671874999 0.4609375 0.83984375 0.466796875 0.8190104171874999 0.4638671875 0.8020833328125001
0 0.466796875 0.8346354171874999 0.4150390625 0.8828125 0.3759765625 0.890625 0.3408203125 0.8723958328125001 0.3095703125 0.828125 0.306640625 0.83203125 0.30859375 0.87109375 0.3212890625 0.8984375 0.3525390625 0.9270833328125001 0.38671875 0.93359375 0.4287109375 0.921875 0.4482421875 0.8984375 0.46484375 0.87109375 0.466796875 0.8346354171874999
0 0.306640625 0.01953125 0.3193359375 0.0364583328125 0.3349609375 0.0442708328125 0.3671875 0.04296875 0.38671875 0.0299479171875 0.3798828125 0.0026041671875 0.3046875 0.0013020828125 0.306640625 0.01953125