1 0.8359375 0.3 0.85625 0.51875 0.778125 0.5541666671875001 0.7671875 0.58125 0.765625 0.6083333328125 0.78125 0.625 0.81875 0.6354166671875 0.896875 0.6375 0.9859375 0.5979166671875 0.9921875 0.5708333328124999 0.975 0.5291666671875 0.9140625 0.5208333328125 0.890625 0.525 0.8828125 0.5166666671875 0.8609375 0.28958333281250004 0.8625 0.2625 0.8796875 0.25 0.8796875 0.23958333281250002 0.8609375 0.2166666671875 0.84375 0.2125 0.834375 0.2166666671875 0.8078125 0.25625 0.8359375 0.3
2 0.225 0.91875 0.2140625 0.9583333328125001 0.2234375 0.9979166671874999 0.3515625 0.9979166671874999 0.39375 0.9604166671875 0.4125 0.9083333328125001 0.403125 0.8645833328125001 0.3765625 0.8416666671874999 0.3328125 0.8395833328125001 0.271875 0.8645833328125001 0.2375 0.8979166671875 0.225 0.91875
2 0.071875 0.7604166671875 0.084375 0.78125 0.1046875 0.7854166671875 0.1359375 0.775 0.1796875 0.75 0.1953125 0.73125 0.2 0.7020833328125 0.19375 0.6895833328125 0.1484375 0.675 0.1125 0.6895833328125 0.0796875 0.725 0.071875 0.7604166671875
2 0.15067031250000001 0.67410625 0.17410781250000001 0.63839375 0.171875 0.6041666671875 0.1283484375 0.5967270828125 0.09375 0.6294645828125 0.0915171875 0.6815479171875001 0.1127234375 0.6919645828125 0.15067031250000001 0.67410625
2 0.7790171875 0.22916666718749998 0.758928125 0.20238125 0.7310265625000001 0.22767916718749998 0.703125 0.26339375 0.7154015625000001 0.3020833328125 0.7600453125 0.2857145828125 0.7790171875 0.22916666718749998
0 0.0109375 0.6625 0.025 0.6895833328125 0.078125 0.6791666671875001 0.08125 0.64375 0.1015625 0.6125 0.0890625 0.5979166671875 0.0546875 0.5958333328125 0.0265625 0.6104166671875 0.015625 0.625 0.0109375 0.6625
0 0 0.7416666671875001 0.0265625 0.7395833328125 0.05 0.7541666671875 0.0703125 0.7416666671875001 0.096875 0.7083333328125 0.090625 0.6833333328125 0.071875 0.6791666671875001 0.0453125 0.6833333328125 0.003125 0.7041666671875 0 0.7416666671875001
0 0 0.8229166671874999 0.0203125 0.8125 0.0459671875 0.7815770828125 0.046718749999999996 0.75465625 0.0258828125 0.7387604171875 0 0.7411958328125 0 0.8229166671874999
0 0 0.7083333328125 0.021875 0.6979166671875 0.009375 0.6625 0.0125 0.6229166671875 0.0203125 0.6125 0.015625 0.6104166671875 0 0.6208333328125 0 0.7083333328125
3 0.84375 0.23984375 0.075 0.05546875
5 0.7359375 0.17421875 0.04375 0.03671875