0 0.2484375 0.475 0.25 0.5104166671875 0.2671875 0.5395833328124999 0.28125 0.55 0.365625 0.55625 0.396875 0.50625 0.3953125 0.4583333328125 0.378125 0.425 0.346875 0.41041666718750003 0.325 0.41041666718750003 0.2890625 0.42083333281249996 0.259375 0.4458333328125 0.2484375 0.475
0 0.315625 0.69375 0.315625 0.7375 0.3375 0.7833333328125 0.3765625 0.8125 0.44375 0.8166666671874999 0.4875 0.7458333328125 0.4890625 0.69375 0.4578125 0.6395833328125 0.4234375 0.6208333328125 0.3953125 0.61875 0.3625 0.6270833328125 0.328125 0.6625 0.315625 0.69375
0 0.3875 0.84375 0.415625 0.84375 0.428125 0.8354166671875 0.4296875 0.8208333328125 0.4234375 0.8145833328125001 0.378125 0.8104166671874999 0.3484375 0.79375 0.325 0.76875 0.3140625 0.7458333328125 0.3171875 0.7854166671875 0.340625 0.8208333328125 0.3625 0.8375 0.3875 0.84375
0 0.38125 0.8895833328125 0.4140625 0.8875 0.44375 0.86875 0.4640625 0.8416666671874999 0.4734375 0.8041666671875 0.4734375 0.7895833328124999 0.46875 0.7895833328124999 0.4390625 0.8291666671875 0.41875 0.8416666671874999 0.375 0.8416666671874999 0.3390625 0.81875 0.3125 0.7708333328125 0.3171875 0.8208333328125 0.33125 0.8541666671874999 0.3515625 0.8770833328125001 0.38125 0.8895833328125
0 0.34375 0.91875 0.3671875 0.9291666671875 0.4296875 0.9270833328125001 0.471875 0.8666666671875 0.4734375 0.8375 0.46875 0.8333333328125001 0.446875 0.8666666671875 0.421875 0.8833333328125 0.3640625 0.8875 0.3328125 0.85625 0.3140625 0.8145833328125001 0.3140625 0.8604166671875 0.325 0.89375 0.34375 0.91875
2 0 0.25 0.0015625 0.31875 0.05625 0.3083333328125 0.040625 0.2791666671875 0 0.25
2 0 0.22916666718749998 0.021875 0.23958333281250002 0.065625 0.2875 0.075 0.2875 0.078125 0.24375 0.0671875 0.2166666671875 0.0296875 0.2 0 0.2 0 0.22916666718749998
2 0.090625 0.3083333328125 0.090625 0.2770833328125 0.08125 0.2645833328125 0.0734375 0.2916666671875 0.0828125 0.3083333328125 0.090625 0.3083333328125
2 0 0.35625 0.040625 0.3541666671875 0.075 0.3333333328125 0.0625 0.3083333328125 0.05 0.30625 0 0.32083333281250004 0 0.35625
2 0 0.3895833328125 0.0234375 0.3895833328125 0.057201562500000004 0.3887041671875 0.078125 0.3708333328125 0.0890625 0.3541666671875 0.0890625 0.3416666671875 0.0765625 0.3291666671875 0.0390625 0.3583333328125 0 0.3625 0 0.3895833328125
2 0 0.425 0.053125 0.425 0.09375 0.40416666718750005 0.1078125 0.3895833328125 0.1078125 0.375 0.0984375 0.35625 0.0890625 0.35625 0.0671875 0.3791666671875 0.0296875 0.3958333328125 0 0.3958333328125 0 0.425