0 0.4109375 0.6583333328125 0.4421875 0.6458333328125 0.4375 0.6166666671875001 0.390625 0.6104166671875 0.3625 0.6291666671875 0.36875 0.6541666671875 0.4109375 0.6583333328125
0 0 0.9541666671875 0.0515625 0.9375 0.0859375 0.9145833328125 0.09375 0.8979166671875 0.0921875 0.8604166671875 0.0828125 0.8416666671874999 0.05625 0.8270833328125 0.01875 0.8229166671874999 0 0.8291666671875 0 0.9541666671875
0 0.44375 0.6125 0.4921875 0.6125 0.5046875 0.6041666671875 0.5046875 0.5854166671875001 0.4984375 0.5770833328125 0.4546875 0.575 0.4359375 0.5854166671875001 0.434375 0.6 0.44375 0.6125
0 0.353125 0.6291666671875 0.3640625 0.6145833328125 0.384375 0.6125 0.390625 0.6041666671875 0.384375 0.5916666671875 0.3421875 0.5895833328125 0.321875 0.5958333328125 0.3234375 0.625 0.353125 0.6291666671875
0 0.5296875 0.6479166671875001 0.5421875 0.6604166671875 0.5625 0.6625 0.6109375 0.6520833328125 0.6125 0.625 0.5953125 0.6083333328125 0.578125 0.6041666671875 0.5375 0.6166666671875001 0.5296875 0.6291666671875 0.5296875 0.6479166671875001
1 0.6140625 0.6729166671875 0.540625 0.70625 0.5359375 0.7229166671875 0.5546875 0.75625 0.653125 0.76875 0.7046875 0.75 0.7140625 0.74375 0.715625 0.7333333328125 0.678125 0.6916666671875 0.6578125 0.6791666671875001 0.6296875 0.675 0.6296875 0.48333333281249996 0.6375 0.4625 0.628125 0.4375 0.615625 0.43541666718750005 0.5921875 0.46875 0.6140625 0.475 0.6140625 0.6729166671875
1 0.6125 0.6770833328125 0.615625 0.6520833328125 0.609375 0.65 0.578125 0.6604166671875 0.5765625 0.6875 0.6125 0.6770833328125
1 0.6390625 0.6416666671875 0.6265625 0.6520833328125 0.6296875 0.6791666671875001 0.6609375 0.68125 0.6859375 0.7 0.7171875 0.6895833328125 0.725 0.6729166671875 0.7125 0.6541666671875 0.653125 0.6479166671875001 0.646875 0.46875 0.6625 0.45 0.65 0.4270833328125 0.6328125 0.425 0.6265625 0.43958333281249995 0.6359375 0.46458333281249997 0.6390625 0.6416666671875
2 0.059375 0.7645833328125 0.0828125 0.775 0.109375 0.775 0.146875 0.7666666671875 0.1734375 0.7479166671875 0.1734375 0.71875 0.165625 0.70625 0.109375 0.7 0.059375 0.7208333328125 0.053125 0.7395833328125 0.059375 0.7645833328125
2 0.0515625 0.6791666671875001 0.109375 0.6791666671875001 0.1390625 0.6645833328124999 0.1375 0.64375 0.128125 0.63125 0.084375 0.6291666671875 0.0578125 0.6354166671875 0.0453125 0.6479166671875001 0.0515625 0.6791666671875001
2 0.003125 0.64375 0.0171875 0.6541666671875 0.04375 0.6520833328125 0.0546875 0.6375 0.0859375 0.625 0.0796875 0.6125 0.0546875 0.6104166671875 0.015625 0.6166666671875001 0.003125 0.6291666671875 0.003125 0.64375
2 0.209375 0.5645833328125 0.225 0.5625 0.2265625 0.54375 0.21875 0.5208333328125 0.2046875 0.5 0.1953125 0.5 0.1890625 0.5166666671875 0.1921875 0.5458333328125 0.209375 0.5645833328125
2 0.4359375 0.59375 0.4484375 0.5770833328125 0.4875 0.5729166671875 0.48125 0.5604166671875 0.4484375 0.5583333328125 0.425 0.56875 0.428125 0.59375 0.4359375 0.59375
2 0.575 0.7375 0.65625 0.74375 0.6921875 0.7291666671875 0.6828125 0.6979166671875 0.6640625 0.68125 0.63125 0.675 0.6296875 0.7041666671875 0.6171875 0.7041666671875 0.615625 0.6770833328125 0.6078125 0.675 0.58125 0.6854166671875 0.5671875 0.7020833328125 0.575 0.7375
3 0.73046875 0.21171875 0.05546875 0.03671875
3 0.621875 0.453125 0.05625 0.0359375
3 0.64765625 0.43984375 0.03515625 0.0296875