1 0.609375 0.26488125 0.6177453125000001 0.2730645828125 0.635603125 0.27157708281250004 0.6439734374999999 0.5029770828125 0.618303125 0.49925625 0.5641734375 0.5252979171875001 0.5686390625 0.5714291671875 0.6618296875 0.5907729171875 0.75390625 0.56026875 0.755021875 0.5379458328125 0.729353125 0.5081854171875 0.703125 0.5059520828124999 0.669084375 0.49553541718750005 0.6540171875 0.2700895828125 0.680803125 0.26488125 0.651228125 0.2247020828125 0.6328125 0.22544583281250002 0.609375 0.26488125
0 0.5959828125 0.3578875 0.602678125 0.3608625 0.6244421874999999 0.3660708328125 0.653459375 0.36532708281250004 0.6802453125000001 0.359375 0.7036828125000001 0.35863125 0.71484375 0.34375 0.7126109375 0.3236604171875 0.698103125 0.31026875 0.5998890625 0.3125 0.588728125 0.32217291718749996 0.5825890625000001 0.3452375 0.5959828125 0.3578875
0 0.6071421875 0.41071458281249995 0.6897328125 0.40997083281249996 0.7047984375 0.4077375 0.7154015625000001 0.3943458328125 0.7165171875 0.37574375 0.7025671874999999 0.36011875 0.6010046874999999 0.36160625 0.58984375 0.3705354171875 0.5931921874999999 0.3980645828125 0.6071421875 0.41071458281249995
0 0.6478796874999999 0.46131041718750004 0.69921875 0.4590770828125 0.7170765625 0.44196458281249995 0.7209828125 0.42857083281249997 0.7103796874999999 0.4114583328125 0.698103125 0.40848125 0.67578125 0.41071458281249995 0.65234375 0.4122020828125 0.6294640625000001 0.4122020828125 0.61328125 0.4122020828125 0.598771875 0.4159229171875 0.5943078125000001 0.43303541718750005 0.59765625 0.4434520828125 0.6127234374999999 0.46205416718750003 0.6478796874999999 0.46131041718750004
0 0.84765625 0.546875 0.8828234374999999 0.5543145828125 0.9185265625 0.5520833328125 0.95369375 0.5357145828125 0.9548109374999999 0.5074395828125 0.9486718749999999 0.4970229171875 0.9347203125 0.48511875 0.90234375 0.47693541718750004 0.8549109375 0.4784229171875 0.82869375 0.4858625 0.8197656249999999 0.5193458328125 0.84765625 0.546875
0 0.7996765625 0.4583333328125 0.8186500000000001 0.4635416671875 0.8264625000000001 0.4627979171875 0.8270203125 0.45238125 0.8320421874999999 0.44196458281249995 0.8437609374999999 0.43377916718750004 0.8577125000000001 0.43006041718750004 0.8699890625 0.42931458281249996 0.8805921874999999 0.42931458281249996 0.8839390625 0.4233625 0.8800328125 0.41741041718750005 0.8716625 0.40997083281249996 0.8644078125 0.40699375 0.8538062500000001 0.40550625 0.8426453125 0.4047625 0.8309265625 0.40401875 0.7985609375 0.40699375 0.785725 0.421875 0.7846093749999999 0.43973125 0.7996765625 0.4583333328125
0 0.8314843749999999 0.3861604171875 0.8231140625 0.39360208281250003 0.8231140625 0.4047625 0.8264625000000001 0.40550625 0.8404125 0.4047625 0.8510156249999999 0.4047625 0.8694312500000001 0.40997083281249996 0.8772437500000001 0.41368958281249996 0.8878453125 0.42857083281249997 0.9051453125 0.4248520828125 0.9101671874999999 0.41443541718750004 0.9135156249999999 0.3958333328125 0.9057031249999999 0.38988125 0.8951 0.3854166671875 0.8772437500000001 0.38467291718749996 0.8582703125 0.3824395828125 0.8471093749999999 0.3831854171875 0.8314843749999999 0.3861604171875
0 0.34376093750000003 0.3824395828125 0.35380625 0.38467291718749996 0.36385 0.3831854171875 0.3699890625 0.38095208281250004 0.378359375 0.37723125 0.386171875 0.3645833328125 0.365525 0.3630958328125 0.35157343750000003 0.3675604171875 0.34431875 0.37425625 0.34376093750000003 0.3824395828125
0 0.9609484374999999 0.38467291718749996 0.9721093749999999 0.3787208328125 0.9799218749999999 0.37202291718749997 0.9804796874999999 0.36160625 0.9737828125 0.35342291718749996 0.9548109374999999 0.3504458328125 0.9274671874999999 0.3511895828125 0.9079359374999999 0.3541666671875 0.8973328125 0.3638395828125 0.8945421874999999 0.3787208328125 0.9057031249999999 0.38764791718749997 0.9230015625 0.39360208281250003 0.9313734374999999 0.38988125 0.9430921874999999 0.3854166671875 0.9609484374999999 0.38467291718749996
0 0.9447656249999999 0.40625 0.9603906249999999 0.4092270828125 0.9715515625 0.41443541718750004 0.9799218749999999 0.41294583281249997 0.9916406249999999 0.40997083281249996 0.9984375 0.4032729171875 0.9984375 0.390625 0.9966625 0.3869041671875 0.9855015625 0.38467291718749996 0.96931875 0.3824395828125 0.9481140625 0.3839291671875 0.9280250000000001 0.38988125 0.9168640625 0.4002979171875 0.9157484374999999 0.41071458281249995 0.92635 0.4092270828125 0.9330468749999999 0.40401875 0.9447656249999999 0.40625
2 0.8856140625 0.47618958281249996 0.9084937500000001 0.47991041718750005 0.9241187500000001 0.48065416718750004 0.9386265625 0.4791666671875 0.941975 0.46502916718750004 0.9391859374999999 0.4583333328125 0.9246765625 0.4479166671875 0.9140734374999999 0.43824375 0.9090515625 0.4315479171875 0.89900625 0.43006041718750004 0.8844984374999999 0.42857083281249997 0.8554796874999999 0.42931458281249996 0.8359484374999999 0.43526875 0.8247875 0.45386875 0.8292515625 0.47098125 0.8376234374999999 0.47991041718750005 0.8504578125 0.47991041718750005 0.8711046874999999 0.47693541718750004 0.8856140625 0.47618958281249996
2 0.2622875 0.38095208281250004 0.27400625 0.3802083328125 0.28126093750000003 0.37425625 0.2823765625 0.3645833328125 0.2795875 0.3578875 0.2712171875 0.3541666671875 0.2594984375 0.35639791718749997 0.24889531250000002 0.35863125 0.24108281250000002 0.36011875 0.2282484375 0.36904791718749996 0.233828125 0.3787208328125 0.2421984375 0.3794645828125 0.2466625 0.3824395828125 0.2622875 0.38095208281250004
2 0.8275781249999999 0.36235208281250003 0.8359484374999999 0.35863125 0.8471093749999999 0.34598125 0.8465515625 0.33779791718749996 0.8404125 0.3348208328125 0.8281359374999999 0.3333333328125 0.8158593749999999 0.3318458328125 0.80135 0.33407708281250004 0.7846093749999999 0.3392854171875 0.7745640625 0.3489583328125 0.7784703125 0.3541666671875 0.7851671875 0.3638395828125 0.80135 0.36532708281250004 0.8136265625 0.3638395828125 0.8275781249999999 0.36235208281250003
2 0.6105015625 0.4546125 0.5932031249999999 0.4561020828125 0.5814843749999999 0.46949375 0.5820421875 0.4970229171875 0.5920875 0.5104166671875 0.6121765625 0.5186020828125 0.6462171875 0.5223208328125 0.68806875 0.5186020828125 0.6969984375 0.5126479171875 0.70536875 0.5014875 0.7103906249999999 0.48660625 0.70369375 0.46875 0.6903015625 0.4635416671875 0.6875109375 0.46056458281249996 0.6344984375 0.4561020828125 0.6105015625 0.4546125
2 0.68974375 0.51488125 0.678025 0.5186020828125 0.65849375 0.5223208328125 0.6417515625 0.5223208328125 0.6205468749999999 0.5215770828124999 0.6077125 0.51785625 0.5904125 0.5111604171875 0.5853906249999999 0.515625 0.5826 0.5245541671875 0.5826 0.5372020828124999 0.5837171875 0.5438979171875 0.5909703125 0.5513395828125 0.5999 0.5587791671875 0.6205468749999999 0.5580354171875 0.6439843749999999 0.56026875 0.6612828125 0.5610125 0.68193125 0.5572916671875 0.6981140625 0.5498520828125 0.70536875 0.5349708328125 0.7070421875 0.5171125 0.7109484375 0.51785625 0.6997875 0.5119041671875 0.68974375 0.51488125
2 0.9749000000000001 0.4858625 0.9916406249999999 0.4903270828125 0.9984375 0.49107083281249997 0.9984375 0.4375 0.98494375 0.41964375 0.9670875000000001 0.41368958281249996 0.9514625000000001 0.4077375 0.9397437500000001 0.40625 0.9280250000000001 0.40625 0.9174218749999999 0.41443541718750004 0.9129578125 0.4248520828125 0.9129578125 0.4322916671875 0.92244375 0.4479166671875 0.9408593749999999 0.46651875 0.9620640625 0.4791666671875 0.9749000000000001 0.4858625
2 0.9776890625 0.3869041671875 0.9933140625 0.3921125 0.9984375 0.3921125 0.9977796874999999 0.3638395828125 0.9871765625 0.3660708328125 0.9788062500000001 0.37276875 0.9765734374999999 0.3802083328125 0.9776890625 0.3869041671875
2 0.9626906249999999 0.3197270828125 0.9670885421875001 0.3224866609375 0.9709828125 0.3210041671875 0.9783156249999999 0.3235541671875 0.9815046875 0.3239791671875 0.9770406250000001 0.3214291671875 0.9901140625 0.3239791671875 0.9968109374999999 0.3231291671875 0.9984375 0.3227041671875 0.9984375 0.3159020828125 0.9984375 0.3090979171875 0.9984375 0.29336666718750004 0.9862875000000001 0.29506875 0.976403125 0.29804375 0.96970625 0.3010208328125 0.9626906249999999 0.3078229171875 0.9588640625 0.3142 0.9626906249999999 0.3197270828125
2 0.953125 0.3248291671875 0.9429203125000001 0.3248291671875 0.929846875 0.33163333281249996 0.9253828125 0.33843541718750003 0.9253828125 0.34651458281249997 0.9352671875 0.3499145828125 0.943878125 0.34948958281250003 0.9559953125 0.3503395828125 0.9649234375000001 0.3516166671875 0.9713015625000001 0.3537416671875 0.9776781250000001 0.36096875 0.9815046875 0.3673479171875 0.9904343750000001 0.3681979171875 0.9955359375 0.3664958328125 0.9984375 0.35586666718750004 0.9980874999999999 0.3477895828125 0.9942609375 0.3388604171875 0.9875640625000001 0.33163333281249996 0.9783156249999999 0.32908125 0.9630109375 0.32610625 0.953125 0.3248291671875
3 0.64453125 0.24765625 0.065625 0.04375
4 0.70390625 0.153125 0.01484375 0.015625
3 0.01171875 0.0515625 0.02265625 0.0359375