2 0.05625 0.7604166671875 0.075 0.775 0.1203125 0.775 0.153125 0.7645833328125 0.171875 0.7479166671875 0.1734375 0.7208333328125 0.1640625 0.7041666671875 0.1109375 0.7 0.0578125 0.7229166671875 0.053125 0.73125 0.05625 0.7604166671875
0 0.4171875 0.6583333328125 0.4421875 0.6479166671875001 0.44375 0.6270833328125 0.4359375 0.6145833328125 0.40625 0.6083333328125 0.3671875 0.6208333328125 0.365625 0.6520833328125 0.4171875 0.6583333328125
0 0 0.95 0.0671875 0.9229166671875 0.090625 0.8854166671874999 0.0875 0.85 0.0734375 0.8333333328125001 0.0546875 0.825 0.0109375 0.825 0 0.8270833328125 0 0.95
0 0.359375 0.63125 0.3671875 0.6125 0.3953125 0.6041666671875 0.3828125 0.5895833328125 0.3453125 0.5895833328125 0.321875 0.6041666671875 0.3265625 0.6291666671875 0.359375 0.63125
0 0.4453125 0.6125 0.4890625 0.6145833328125 0.50625 0.6041666671875 0.50625 0.5875 0.4984375 0.5770833328125 0.4578125 0.575 0.4390625 0.5875 0.4390625 0.6041666671875 0.4453125 0.6125
0 0.584375 0.6583333328125 0.6140625 0.6479166671875001 0.6140625 0.6291666671875 0.603125 0.6125 0.5546875 0.6083333328125 0.53125 0.625 0.5375 0.6541666671875 0.584375 0.6583333328125
2 0.053125 0.6770833328125 0.1125 0.6770833328125 0.134375 0.6666666671875 0.1375 0.6583333328125 0.1375 0.64375 0.128125 0.63125 0.0828125 0.6291666671875 0.0484375 0.64375 0.0453125 0.6625 0.053125 0.6770833328125
2 0.0046875 0.6479166671875001 0.0453125 0.6541666671875 0.0629890625 0.6302083328125 0.091796875 0.62890625 0.083984375 0.61328125 0.0453125 0.6104166671875 0.009375 0.6208333328125 0.003125 0.63125 0.0046875 0.6479166671875001
2 0.4279515625 0.5775458328124999 0.4348953125 0.5902770828125 0.4548609375 0.574075 0.47743125 0.574075 0.484375 0.5671291671875001 0.4748265625 0.5567124999999999 0.44965312500000004 0.55555625 0.4322921875 0.5590270828125 0.4279515625 0.5775458328124999
2 0.21006874999999997 0.5625 0.22829843749999998 0.5625 0.2135421875 0.5266208328124999 0.21006874999999997 0.5104166671875 0.20138906250000002 0.4976854171875 0.1892359375 0.5173604171874999 0.21006874999999997 0.5625
1 0.2515625 0.5125 0.259375 0.7229166671875 0.215625 0.74375 0.165625 0.7854166671875 0.1703125 0.8208333328125 0.18125 0.8375 0.29375 0.8395833328125001 0.35 0.8125 0.371875 0.7895833328124999 0.3703125 0.7729166671875001 0.34375 0.74375 0.271875 0.7229166671875 0.278125 0.6166666671875001 0.2703125 0.50625 0.275 0.49583333281249997 0.2890625 0.4916666671875 0.2890625 0.48333333281249996 0.2765625 0.4625 0.2625 0.45416666718750004 0.2375 0.48125 0.2375 0.49375 0.2515625 0.5125
2 0.244140625 0.8072916671874999 0.28515625 0.8111979171874999 0.3310546875 0.7858083328125 0.337890625 0.7675791671875001 0.3271484375 0.7395833328125 0.2939453125 0.7285166671875001 0.25830156249999997 0.7311208328125 0.23291093749999997 0.7350270828125 0.194825 0.7669270828125 0.1982421875 0.7975270828125 0.244140625 0.8072916671874999
1 0.640625 0.6458333328125 0.578125 0.6583333328125 0.578125 0.6875 0.6015625 0.7041666671875 0.6421875 0.7125 0.721875 0.7041666671875 0.7296875 0.6958333328124999 0.7265625 0.6666666671875 0.703125 0.6520833328125 0.6546875 0.6479166671875001 0.653125 0.4625 0.6671875 0.45625 0.66875 0.4479166671875 0.65625 0.4270833328125 0.640625 0.425 0.621875 0.45625 0.6390625 0.4583333328125 0.640625 0.6458333328125
3 0.73984375 0.2125 0.053125 0.03671875
3 0.646875 0.44140625 0.0484375 0.0328125
3 0.2609375 0.47734375 0.0671875 0.04453125