2 0.05625 0.7604166671875 0.075 0.775 0.1203125 0.775 0.153125 0.7645833328125 0.171875 0.7479166671875 0.1734375 0.7208333328125 0.1640625 0.7041666671875 0.1109375 0.7 0.0578125 0.7229166671875 0.053125 0.73125 0.05625 0.7604166671875
0 0.4171875 0.6583333328125 0.4421875 0.6479166671875001 0.44375 0.6270833328125 0.4359375 0.6145833328125 0.40625 0.6083333328125 0.3671875 0.6208333328125 0.365625 0.6520833328125 0.4171875 0.6583333328125
0 0 0.95 0.0671875 0.9229166671875 0.090625 0.8854166671874999 0.0875 0.85 0.0734375 0.8333333328125001 0.0546875 0.825 0.0109375 0.825 0 0.8270833328125 0 0.95
0 0.359375 0.63125 0.3671875 0.6125 0.3953125 0.6041666671875 0.3828125 0.5895833328125 0.3453125 0.5895833328125 0.321875 0.6041666671875 0.3265625 0.6291666671875 0.359375 0.63125
0 0.4453125 0.6125 0.4890625 0.6145833328125 0.50625 0.6041666671875 0.50625 0.5875 0.4984375 0.5770833328125 0.4578125 0.575 0.4390625 0.5875 0.4390625 0.6041666671875 0.4453125 0.6125
2 0.053125 0.6770833328125 0.1125 0.6770833328125 0.134375 0.6666666671875 0.1375 0.6583333328125 0.1375 0.64375 0.128125 0.63125 0.0828125 0.6291666671875 0.0484375 0.64375 0.0453125 0.6625 0.053125 0.6770833328125
2 0.0046875 0.6479166671875001 0.0453125 0.6541666671875 0.0629890625 0.6302083328125 0.091796875 0.62890625 0.083984375 0.61328125 0.0453125 0.6104166671875 0.009375 0.6208333328125 0.003125 0.63125 0.0046875 0.6479166671875001
2 0.4279515625 0.5775458328124999 0.4348953125 0.5902770828125 0.4548609375 0.574075 0.47743125 0.574075 0.484375 0.5671291671875001 0.4748265625 0.5567124999999999 0.44965312500000004 0.55555625 0.4322921875 0.5590270828125 0.4279515625 0.5775458328124999
2 0.21006874999999997 0.5625 0.22829843749999998 0.5625 0.2135421875 0.5266208328124999 0.21006874999999997 0.5104166671875 0.20138906250000002 0.4976854171875 0.1892359375 0.5173604171874999 0.21006874999999997 0.5625
1 0.43526718750000004 0.49256041718750004 0.4375 0.7142854171875 0.366071875 0.7291666671875 0.3571421875 0.76636875 0.3649546875 0.7842270828125 0.399553125 0.79613125 0.454240625 0.8035708328125001 0.515625 0.7872020828124999 0.532365625 0.76785625 0.53125 0.7752979171875001 0.5368296875 0.7544645828125 0.5290171875 0.72589375 0.4571421875 0.7050604171875 0.454240625 0.6026791671875 0.453125 0.54613125 0.454240625 0.48511875 0.46651718750000004 0.48363125 0.462053125 0.4702375 0.454240625 0.45386875 0.44754531249999996 0.44642916718750003 0.4296875 0.44493958281249996 0.42276718750000003 0.46339375 0.4140625 0.48363125 0.43526718750000004 0.49256041718750004
2 0.4149 0.7745541671875 0.455915625 0.7784604171875 0.5018140625 0.75306875 0.50865 0.7348395828125 0.4979078125 0.7068458328125 0.4647046875 0.6957770828125 0.429059375 0.69838125 0.40366875 0.7022875 0.3872765625 0.73363125 0.3962046875 0.7574395828125 0.4149 0.7745541671875
1 0.640625 0.6458333328125 0.578125 0.6583333328125 0.578125 0.6875 0.6015625 0.7041666671875 0.6421875 0.7125 0.721875 0.7041666671875 0.7296875 0.6958333328124999 0.7265625 0.6666666671875 0.703125 0.6520833328125 0.6546875 0.6479166671875001 0.653125 0.4625 0.6671875 0.45625 0.66875 0.4479166671875 0.65625 0.4270833328125 0.640625 0.425 0.621875 0.45625 0.6390625 0.4583333328125 0.640625 0.6458333328125
2 0.7629546875 0.5071979171875001 0.7754546875 0.4738645828125 0.7754546875 0.45511458281249995 0.7660796875 0.44053125 0.7332671875 0.4259479171875 0.7250078125 0.4250541671875 0.72573525625 0.42990303281250003 0.6801421875 0.5009479171875 0.6832671875 0.53428125 0.6973296875 0.54678125 0.7363921875 0.5384479171875001 0.7629546875 0.5071979171875001
3 0.728125 0.2125 0.05 0.034375
3 0.64609375 0.4421875 0.04765625 0.03125
3 0.44296875 0.46484375 0.05625 0.04453125