2 0.05625 0.7604166671875 0.075 0.775 0.1203125 0.775 0.153125 0.7645833328125 0.171875 0.7479166671875 0.1734375 0.7208333328125 0.1640625 0.7041666671875 0.1109375 0.7 0.0578125 0.7229166671875 0.053125 0.73125 0.05625 0.7604166671875
0 0.4171875 0.6583333328125 0.4421875 0.6479166671875001 0.44375 0.6270833328125 0.4359375 0.6145833328125 0.40625 0.6083333328125 0.3671875 0.6208333328125 0.365625 0.6520833328125 0.4171875 0.6583333328125
0 0 0.95 0.0671875 0.9229166671875 0.090625 0.8854166671874999 0.0875 0.85 0.0734375 0.8333333328125001 0.0546875 0.825 0.0109375 0.825 0 0.8270833328125 0 0.95
0 0.359375 0.63125 0.3671875 0.6125 0.3953125 0.6041666671875 0.3828125 0.5895833328125 0.3453125 0.5895833328125 0.321875 0.6041666671875 0.3265625 0.6291666671875 0.359375 0.63125
0 0.584375 0.6583333328125 0.6140625 0.6479166671875001 0.6140625 0.6291666671875 0.603125 0.6125 0.5546875 0.6083333328125 0.53125 0.625 0.5375 0.6541666671875 0.584375 0.6583333328125
2 0.053125 0.6770833328125 0.1125 0.6770833328125 0.134375 0.6666666671875 0.1375 0.6583333328125 0.1375 0.64375 0.128125 0.63125 0.0828125 0.6291666671875 0.0484375 0.64375 0.0453125 0.6625 0.053125 0.6770833328125
2 0.0046875 0.6479166671875001 0.0453125 0.6541666671875 0.0629890625 0.6302083328125 0.091796875 0.62890625 0.083984375 0.61328125 0.0453125 0.6104166671875 0.009375 0.6208333328125 0.003125 0.63125 0.0046875 0.6479166671875001
2 0.4279515625 0.5775458328124999 0.4348953125 0.5902770828125 0.4548609375 0.574075 0.47743125 0.574075 0.484375 0.5671291671875001 0.4748265625 0.5567124999999999 0.44965312500000004 0.55555625 0.4322921875 0.5590270828125 0.4279515625 0.5775458328124999
2 0.21006874999999997 0.5625 0.22829843749999998 0.5625 0.2135421875 0.5266208328124999 0.21006874999999997 0.5104166671875 0.20138906250000002 0.4976854171875 0.1892359375 0.5173604171874999 0.21006874999999997 0.5625
1 0.43682968750000006 0.4827375 0.44464218750000006 0.6931541671875 0.40089218750000005 0.7139875 0.3649546875 0.7306541671875 0.3537953125 0.7693458328125 0.3549109375 0.7827375 0.44754531249999996 0.8065479171875 0.5352671875 0.7827375 0.5357140625000001 0.7782729171875 0.537946875 0.75 0.5345984374999999 0.7261895828125 0.484375 0.70238125 0.46317031249999996 0.6919645828125 0.452009375 0.5669645828125 0.45647343749999997 0.5282729171875 0.453125 0.48363125 0.47209843749999997 0.48363125 0.46651718750000004 0.46428541718750005 0.45535781249999996 0.44196458281249995 0.43973281249999996 0.4404770828125 0.42522343749999997 0.45535625 0.41629531249999996 0.48214375 0.43682968750000006 0.4827375
2 0.41936406249999997 0.7730645828125 0.46037968749999997 0.7769708328125 0.5062781249999999 0.75158125 0.5131140624999999 0.7333520828125 0.5023718749999999 0.70535625 0.46916874999999997 0.6942895828125 0.4335234375 0.69689375 0.4081328125 0.7008 0.383928125 0.7291666671875 0.390625 0.76488125 0.41936406249999997 0.7730645828125
1 0.640625 0.6458333328125 0.578125 0.6583333328125 0.578125 0.6875 0.6015625 0.7041666671875 0.6421875 0.7125 0.721875 0.7041666671875 0.7296875 0.6958333328124999 0.7265625 0.6666666671875 0.703125 0.6520833328125 0.6546875 0.6479166671875001 0.653125 0.4625 0.6671875 0.45625 0.66875 0.4479166671875 0.65625 0.4270833328125 0.640625 0.425 0.621875 0.45625 0.6390625 0.4583333328125 0.640625 0.6458333328125
0 0.50625 0.6083333328125 0.5015625 0.5791666671875 0.4703125 0.575 0.4546875 0.5791666671875 0.45625 0.6145833328125 0.50625 0.6083333328125
3 0.728125 0.21328125 0.053125 0.03515625
3 0.64609375 0.44140625 0.04609375 0.03125
3 0.44609375 0.4640625 0.05390625 0.0390625