0 0.9196421875 0.5863104171875 0.9330359375 0.6339291671875 0.9620531250000001 0.6502979171875001 0.9984375 0.6532729171875 0.9984375 0.5580354171875 0.9676343749999999 0.5565479171875001 0.9363843749999999 0.5714291671875 0.9196421875 0.5863104171875
0 0.8939734375 0.5104166671875 0.9129468749999999 0.5089291671875 0.9129468749999999 0.4940479171875 0.9084828125 0.48214375 0.8883921875 0.47321458281249995 0.8415171875 0.4717270828125 0.8102671875 0.49107083281249997 0.8069203125 0.5044645828125 0.8158484375 0.5223208328125 0.8325890625 0.5267854171875 0.8571421875 0.5297625 0.8828125 0.5238104171875 0.8939734375 0.5104166671875
0 0.6149546875 0.38095208281250004 0.587053125 0.38839375 0.587053125 0.3988104171875 0.6015625 0.41815416718750004 0.633928125 0.41071458281249995 0.6517859374999999 0.38988125 0.6372765625000001 0.3824395828125 0.6149546875 0.38095208281250004
0 0.587053125 0.40178541718750005 0.5747765625000001 0.3943458328125 0.561384375 0.3943458328125 0.5513390625000001 0.3958333328125 0.5569203125 0.41368958281249996 0.5591515625000001 0.4315479171875 0.5803578125 0.42857083281249997 0.5892859374999999 0.42261875 0.592634375 0.4166666671875 0.587053125 0.40178541718750005
0 0.501115625 0.3958333328125 0.48995468750000004 0.38839375 0.47209843749999997 0.38839375 0.45870468750000004 0.3854166671875 0.428571875 0.3943458328125 0.43415156250000003 0.4092270828125 0.44196406250000003 0.4166666671875 0.46651718750000004 0.42559583281249996 0.4921875 0.42113125 0.5078125 0.4077375 0.501115625 0.3958333328125
0 0.5 0.42559583281249996 0.49442031249999996 0.42113125 0.469865625 0.42559583281249996 0.444196875 0.42261875 0.4375 0.42410625 0.43415156250000003 0.44196458281249995 0.45647343749999997 0.4479166671875 0.48883906250000003 0.4434520828125 0.498884375 0.4404770828125 0.5 0.42559583281249996
0 0.42680937500000005 0.4177625 0.41611875 0.40241249999999995 0.3980265625 0.40679791718749997 0.3766453125 0.4144729171875 0.3675984375 0.4287270828125 0.374178125 0.445175 0.389803125 0.4484645828125 0.4046046875 0.44736875 0.41282968750000004 0.4375 0.42680937500000005 0.4177625
2 0.534375 0.4895833328125 0.5234375 0.49375 0.515625 0.5041666671875 0.5171875 0.53125 0.525 0.5354166671875 0.525 0.5375 0.5296875 0.5375 0.5296875 0.5395833328124999 0.559375 0.5416666671875 0.559375 0.5395833328124999 0.5765625 0.5395833328124999 0.5765625 0.5375 0.59375 0.5354166671875 0.596875 0.53125 0.6 0.53125 0.6078125 0.5208333328125 0.609375 0.5 0.603125 0.4895833328125 0.5921875 0.48541666718750004 0.5921875 0.48333333281249996 0.5859375 0.48333333281249996 0.5859375 0.48125 0.5609375 0.48125 0.5609375 0.48333333281249996 0.534375 0.4875 0.534375 0.4895833328125
2 0.5890625 0.6541666671875 0.590625 0.66875 0.6046875 0.6916666671875 0.6265625 0.7020833328125 0.678125 0.70625 0.709375 0.6979166671875 0.7265625 0.6854166671875 0.7328125 0.675 0.7375 0.6604166671875 0.7359375 0.6416666671875 0.7203125 0.6166666671875001 0.690625 0.6041666671875 0.6390625 0.6041666671875 0.60625 0.61875 0.5921875 0.6395833328125 0.5890625 0.6541666671875
2 0.665625 0.4583333328125 0.65 0.4625 0.6484375 0.46666666718750005 0.6453125 0.46666666718750005 0.6421875 0.47083333281249995 0.640625 0.48125 0.6390625 0.48125 0.6390625 0.4895833328125 0.64375 0.49791666718750005 0.64375 0.5020833328125 0.65 0.5041666671875 0.65 0.50625 0.6546875 0.50625 0.6546875 0.5083333328124999 0.6828125 0.5104166671875 0.6828125 0.5083333328124999 0.7125 0.50625 0.7125 0.5041666671875 0.725 0.5 0.7296875 0.49375 0.73125 0.475 0.7296875 0.475 0.728125 0.46666666718750005 0.725 0.4625 0.71875 0.4604166671875 0.71875 0.4583333328125 0.7140625 0.4583333328125 0.7140625 0.45625 0.703125 0.45625 0.703125 0.45416666718750004 0.678125 0.45416666718750004 0.678125 0.45625 0.665625 0.45625 0.665625 0.4583333328125
2 0.69375 0.5145833328125 0.6796875 0.5166666671875 0.665625 0.53125 0.6640625 0.5395833328124999 0.6625 0.5395833328124999 0.6625 0.5520833328125 0.6640625 0.5520833328125 0.665625 0.5625 0.671875 0.5708333328124999 0.678125 0.5729166671875 0.678125 0.575 0.684375 0.575 0.684375 0.5770833328125 0.6953125 0.5770833328125 0.6953125 0.5791666671875 0.734375 0.5791666671875 0.75625 0.5458333328125 0.759375 0.5458333328125 0.759375 0.51875 0.75625 0.5145833328125 0.7390625 0.5125 0.7390625 0.5104166671875 0.70625 0.5104166671875 0.70625 0.5125 0.69375 0.5125 0.69375 0.5145833328125
2 0.87109375 0.5319020828125 0.8422859375 0.52669375 0.8173828125 0.5299479171875 0.806153125 0.5377604171875 0.8037109375 0.546875 0.8168953125 0.5696625 0.841309375 0.6035166671875001 0.860840625 0.6061208328125 0.884765625 0.60546875 0.9086921875 0.5924479171875 0.9223640625 0.58138125 0.9228515625 0.57421875 0.9150390625 0.5488291671875001 0.9013671875 0.5410166671875001 0.8876953125 0.5332041671875001 0.87109375 0.5319020828125
2 0.888671875 0.515625 0.884765625 0.5306 0.89404375 0.5332041671875001 0.916015625 0.5488291671875001 0.9262703125 0.5755208328125 0.947265625 0.5631520828125 0.9677734375 0.5559895828125 0.9951171875 0.55859375 0.9984375 0.5481770828125 0.9984375 0.5279958328125 0.9984375 0.5208333328125 0.989746875 0.5097666671875001 0.9682625 0.50325625 0.9462890625 0.5026041671875 0.9189453125 0.5065104171875 0.9184578125 0.5071625 0.8989265625 0.5065104171875 0.888671875 0.515625
2 0.986328125 0.4479166671875 0.9833984375 0.43294375 0.9736328125 0.4244791671875 0.9521484375 0.4244791671875 0.92578125 0.42513125 0.908203125 0.42643333281249995 0.8984375 0.43359375 0.8896484375 0.4446625 0.892090625 0.4596354171875 0.9008796875 0.4674479171875 0.927246875 0.4759125 0.9614265625 0.4707041671875 0.9790046875 0.46549583281249995 0.986328125 0.4479166671875
1 0.74375 0.28125 0.7203125 0.4125 0.66875 0.4125 0.6640625 0.41875 0.6640625 0.4375 0.684375 0.45208333281249996 0.7375 0.46666666718750005 0.759375 0.4625 0.759375 0.43125 0.73125 0.42083333281249996 0.7578125 0.2625 0.75625 0.23541666718749998 0.7484375 0.23333333281250002 0.734375 0.25 0.74375 0.25833333281250004 0.74375 0.28125
1 0.453125 0.38333333281250004 0.43125 0.40208333281249997 0.434375 0.42291666718750004 0.4125 0.43958333281249995 0.40625 0.45416666718750004 0.44375 0.46666666718750005 0.4953125 0.4604166671875 0.5078125 0.45416666718750004 0.515625 0.43541666718750005 0.496875 0.425 0.503125 0.40208333281249997 0.496875 0.3916666671875 0.4640625 0.38125 0.4609375 0.2854166671875 0.471875 0.2770833328125 0.4625 0.2604166671875 0.4515625 0.25833333281250004 0.4375 0.2833333328125 0.45 0.2875 0.453125 0.38333333281250004
3 0.746875 0.2453125 0.01953125 0.02421875
3 0.4546875 0.271875 0.034375 0.02578125
3 0.88359375 0.078125 0.03125 0.02109375