0 0.3015625 0.4375 0.340625 0.43541666718750005 0.3796875 0.4125 0.38125 0.40208333281249997 0.3734375 0.3875 0.34375 0.3770833328125 0.296875 0.40416666718750005 0.2953125 0.42291666718750004 0.3015625 0.4375
2 0.3296875 0.36875 0.346875 0.3770833328125 0.396875 0.35625 0.3953125 0.3291666671875 0.3765625 0.325 0.334375 0.3416666671875 0.328125 0.35208333281250004 0.3296875 0.36875
0 0.7875 0.35625 0.8 0.36666666718749996 0.8390625 0.36875 0.8734375 0.3604166671875 0.8890625 0.3479166671875 0.890625 0.3291666671875 0.88125 0.3104166671875 0.8328125 0.30625 0.7953125 0.32083333281250004 0.784375 0.3416666671875 0.7875 0.35625
0 0.9546875 0.5416666671875 0.9984375 0.5625 0.9984375 0.4458333328125 0.990625 0.4458333328125 0.94375 0.47083333281249995 0.9375 0.5104166671875 0.9546875 0.5416666671875
2 0.9078125 0.4625 0.9234375 0.4770833328125 0.9453125 0.4791666671875 0.9578125 0.46458333281249997 0.9984375 0.45416666718750004 0.9984375 0.3875 0.99375 0.3875 0.91875 0.41875 0.90625 0.4375 0.9078125 0.4625
2 0.81875 0.225 0.834375 0.225 0.8578125 0.21458333281250003 0.865625 0.20208333281250002 0.859375 0.1875 0.83125 0.1833333328125 0.803125 0.19583333281249998 0.8 0.2104166671875 0.81875 0.225
2 0.9859375 0.3270833328125 0.9890625 0.3083333328125 0.9984375 0.2979166671875 0.9984375 0.2791666671875 0.9828125 0.2791666671875 0.965625 0.28958333281250004 0.965625 0.33125 0.9859375 0.3270833328125
1 0.3515625 0.3020833328125 0.384375 0.30625 0.39375 0.31875 0.4359375 0.60625 0.38125 0.6354166671875 0.3265625 0.6895833328125 0.3203125 0.7041666671875 0.3234375 0.7291666671875 0.3546875 0.7708333328125 0.378125 0.7875 0.409375 0.7875 0.5265625 0.7604166671875 0.5625 0.725 0.596875 0.6666666671875 0.596875 0.6479166671875001 0.5875 0.6333333328124999 0.5390625 0.6020833328124999 0.4609375 0.6041666671875 0.41875 0.31875 0.421875 0.2958333328125 0.45 0.2770833328125 0.4140625 0.23541666718749998 0.403125 0.23125 0.38125 0.23541666718749998 0.3734375 0.24583333281250003 0.3515625 0.3020833328125
2 0.9966515625 0.24702291718749997 0.9899546875 0.23214375 0.9174109375 0.23809583281250002 0.9185265625 0.24107083281250002 0.9040171875 0.26636875 0.9229906250000001 0.27529791718749996 0.9787953125 0.26488125 0.9966515625 0.24702291718749997
3 0.40078125 0.26484375 0.09921875 0.071875
4 0.809375 0.02265625 0.025 0.021875