2 0.5875 0.6604166671875 0.603125 0.6916666671875 0.6296875 0.7041666671875 0.678125 0.7083333328125 0.7109375 0.6979166671875 0.73125 0.6791666671875001 0.7375 0.65 0.7234375 0.61875 0.6984375 0.6041666671875 0.653125 0.6020833328124999 0.615625 0.6125 0.5953125 0.63125 0.5875 0.6604166671875
2 0.51875 0.53125 0.5359375 0.5416666671875 0.5671875 0.5416666671875 0.596875 0.5354166671875 0.6078125 0.5229166671875001 0.6046875 0.4916666671875 0.5609375 0.48333333281249996 0.5265625 0.49375 0.5171875 0.50625 0.51875 0.53125
2 0.646875 0.5083333328124999 0.69375 0.5145833328125 0.728125 0.49791666718750005 0.73125 0.4791666671875 0.725 0.46458333281249997 0.70625 0.45416666718750004 0.6796875 0.45416666718750004 0.64375 0.47083333281249995 0.640625 0.49791666718750005 0.646875 0.5083333328124999
2 0.66875 0.5729166671875 0.69375 0.5833333328125 0.7359375 0.5833333328125 0.75625 0.5604166671875 0.7609375 0.5458333328125 0.7578125 0.5166666671875 0.709375 0.5104166671875 0.6671875 0.53125 0.6640625 0.5625 0.66875 0.5729166671875
2 0.92400625 0.570075 0.9984375 0.5577645828125 0.9984375 0.5208333328125 0.9890625 0.5125 0.940625 0.5041666671875 0.9015625 0.5104166671875 0.8821015624999999 0.523675 0.92400625 0.570075
2 0.8421875 0.60625 0.8953125 0.6041666671875 0.91875 0.58125 0.915625 0.5520833328125 0.8953125 0.5333333328125 0.828125 0.5291666671875 0.80625 0.5354166671875 0.803125 0.5479166671875 0.8421875 0.60625
2 0.90411875 0.4289770828125 0.88849375 0.4422354171875 0.8899140624999999 0.45738541718750003 0.9176140625 0.4715916671875 0.9367890624999999 0.47064374999999997 0.9651984375 0.46875 0.9836640624999999 0.4535979171875 0.9829546875 0.43560625000000003 0.9673296875 0.42613541718750003 0.9375 0.42518958281249997 0.90411875 0.4289770828125
2 0.46164843749999995 0.4214020828125 0.46235781249999997 0.41193125 0.45667656250000005 0.41193125 0.450284375 0.41193125 0.43892031249999997 0.41193125 0.42755625 0.41287916718749995 0.41477343749999995 0.41856041718750003 0.41051093749999995 0.429925 0.41335156250000005 0.43939374999999997 0.419034375 0.4479166671875 0.43110781249999997 0.4479166671875 0.44673281249999997 0.4479166671875 0.45738593749999995 0.43655208281249996 0.46875 0.43181875 0.46519843749999995 0.42803125 0.46164843749999995 0.4214020828125
1 0.4767734375 0.2854729171875 0.484375 0.4476354171875 0.458615625 0.4470729171875 0.4417234375 0.4498875 0.4332765625 0.46565416718749997 0.4417234375 0.4769145828125 0.4641046875 0.4847979171875 0.49070937499999995 0.4853604171875 0.513090625 0.48141875 0.533784375 0.475225 0.543496875 0.46959375000000003 0.550675 0.45608125 0.550675 0.4487604171875 0.5451859375 0.4391895828125 0.5320953125 0.4386270828125 0.515625 0.4386270828125 0.500421875 0.4397520828125 0.4885984375 0.2849104171875 0.50295625 0.28040625 0.4856421875 0.2606979171875 0.4733953125 0.2606979171875 0.46199375 0.28265833281249997 0.4767734375 0.2854729171875
1 0.500421875 0.42455 0.509290625 0.4391895828125 0.51858125 0.4380625 0.53125 0.4369375 0.5451859375 0.44369375 0.5548984375 0.4391895828125 0.5667234375 0.4329958328125 0.5603890625 0.41553958281250003 0.519003125 0.41779374999999996 0.51266875 0.2753375 0.5215375 0.27364791718750003 0.5105578125 0.2528145828125 0.4962 0.2545041671875 0.4923984375 0.26576666718749997 0.5012671875 0.27646458281249997 0.5059125 0.4121625 0.500421875 0.42455
0 0.37204375 0.42961666718749997 0.3796453125 0.44313125 0.3978046875 0.4487604171875 0.4079390625 0.4414416671875 0.40878437500000003 0.43074375 0.416384375 0.41722916718749997 0.42483125 0.4087833328125 0.40920625 0.40596875 0.399915625 0.4087833328125 0.3834453125 0.4166666671875 0.37204375 0.42961666718749997
0 0.4666390625 0.4284916671875 0.4983109375 0.4386270828125 0.521959375 0.4386270828125 0.534628125 0.43074375 0.5392734375 0.4149770828125 0.531671875 0.3992125 0.52745 0.39864791718750003 0.4852203125 0.39864791718750003 0.46832812500000004 0.4025895828125 0.4611484375 0.4121625 0.4666390625 0.4284916671875
0 0.45650312499999995 0.45777083281250003 0.47804062500000005 0.4645270828125 0.494509375 0.4645270828125 0.510134375 0.46171249999999997 0.5261828125 0.4600229171875 0.5304046875 0.45551875 0.5333609375 0.4470729171875 0.5329390625 0.4397520828125 0.5215375 0.4346854171875 0.5071796875000001 0.4352479171875 0.4953546875 0.4369375 0.4835296875 0.4369375 0.4708609375 0.4358104171875 0.4611484375 0.4375 0.4552359375 0.4476354171875 0.45650312499999995 0.45777083281250003
0 0.5371625 0.4144145828125 0.5515203125 0.4149770828125 0.5587 0.41722916718749997 0.565878125 0.425675 0.5760140625 0.4268020828125 0.5760140625 0.41722916718749997 0.5798140625 0.4003375 0.581503125 0.3902020828125 0.5671453125 0.3918916671875 0.565878125 0.3913291671875 0.546875 0.39414375 0.5354734375 0.3980854171875 0.52829375 0.4076583328125 0.5371625 0.4144145828125
0 0.822265625 0.4778645828125 0.8076171875 0.48828125 0.8037109375 0.5104166671875 0.8125 0.5221354171875 0.826171875 0.52734375 0.8466796875 0.5286458328125 0.86328125 0.52734375 0.8720703125 0.5286458328125 0.884765625 0.5247395828125 0.892578125 0.515625 0.9013671875 0.5091145828125 0.9130859375 0.5091145828125 0.9091796875 0.4856770828125 0.8857421875 0.4739583328125 0.8642578125 0.4739583328125 0.8369140625 0.4752604171875 0.822265625 0.4778645828125
0 0.9267578125 0.5807291671875 0.92578125 0.6028645828125 0.943359375 0.62890625 0.95703125 0.63671875 0.978515625 0.64453125 0.9984375 0.65234375 0.9984375 0.5559895828125 0.9892578125 0.5572916671875 0.974609375 0.5611979171875 0.947265625 0.5703125 0.9267578125 0.5807291671875
3 0.8828125 0.07890625 0.03359375 0.021875
3 0.4828125 0.2734375 0.03984375 0.02578125
3 0.50546875 0.26484375 0.03046875 0.02265625