1 0.42083281250000004 0.21458333281250003 0.40625 0.2125 0.3958328125 0.23819374999999998 0.4088546875 0.23819374999999998 0.41510468749999996 0.35208333281250004 0.3822921875 0.35763958281249997 0.3791671875 0.36666666718749996 0.4 0.3791666671875 0.43541718749999997 0.3784729171875 0.46979218749999996 0.36111041718750003 0.4671875 0.3465270828125 0.43072968749999996 0.35069374999999997 0.4203125 0.2375 0.42916718749999994 0.23541666718749998 0.42083281250000004 0.21458333281250003
0 0.3869796875 0.38125 0.3848953125 0.3722229171875 0.3765625 0.36666666718749996 0.35 0.36944374999999996 0.3453125 0.38055625000000004 0.3541671875 0.3875 0.3869796875 0.38125
0 0.6791671874999999 0.3847229171875 0.6765625 0.4034729171875 0.684375 0.4159729171875 0.7208328125000001 0.41875 0.7213546875 0.3770833328125 0.703125 0.3770833328125 0.6895828125000001 0.3791666671875 0.6791671874999999 0.3847229171875
0 0.828125 0.50625 0.8286453125 0.5451395828125001 0.875 0.5666666671875 0.9171875 0.5708333328124999 0.9510421875 0.55 0.9541671875000001 0.5236104171875 0.9411453125 0.5 0.9026046875 0.4895833328125 0.8901046875 0.4875 0.8479171875 0.4916666671875 0.828125 0.50625
0 0.8833328125 0.4402770828125 0.8869796875 0.4361104171875 0.8864578125 0.4215270828125 0.8729171875 0.4166666671875 0.8588546875 0.4145833328125 0.8244796875 0.4125 0.8015625 0.41736041718749994 0.7927078125 0.4284729171875 0.7927078125 0.44444375 0.8036453124999999 0.4583333328125 0.8265625 0.4625 0.8411453124999999 0.44861041718749994 0.8604171875000001 0.44166666718750003 0.8833328125 0.4402770828125
0 0.8104171875 0.39444375 0.7994796875 0.4048604171875 0.8 0.4215270828125 0.8119796875 0.41388958281250005 0.8302078125 0.41388958281250005 0.8536453125 0.4152770828125 0.875 0.4166666671875 0.8828125 0.4215270828125 0.8864578125 0.40625 0.8708328125 0.3895833328125 0.8359375 0.3875 0.8104171875 0.39444375
0 0.865625 0.3604166671875 0.8489578124999999 0.3625 0.8302078125 0.36805625000000003 0.8234375 0.3763895828125 0.8354171875 0.3840270828125 0.8427078124999999 0.3916666671875 0.8739578124999999 0.3902770828125 0.8895828124999999 0.40208333281249997 0.9005203125 0.39236041718750003 0.9015625 0.3729166671875 0.8927078125 0.3659729171875 0.865625 0.3604166671875
0 0.9630203125 0.42430625 0.9755203124999999 0.42638958281250006 0.98125 0.41875 0.9677078124999999 0.40416666718750005 0.934375 0.4034729171875 0.8994796875000001 0.4048604171875 0.8854171875000001 0.4215270828125 0.8901046875 0.4409729171875 0.9145828125 0.44305625 0.91875 0.42430625 0.9338546875 0.4166666671875 0.9630203125 0.42430625
0 0.9625 0.40625 0.9744796875 0.40138958281250003 0.984375 0.38055625000000004 0.971875 0.36944374999999996 0.959375 0.36666666718749996 0.9276046875 0.3652770828125 0.9010421875000001 0.3791666671875 0.8963546875 0.39930625000000003 0.9078125 0.40555624999999995 0.9625 0.40625
0 0.9270828124999999 0.36875 0.9369796875 0.3527770828125 0.9546875 0.35069374999999997 0.9729171875 0.3486104171875 0.9572921875 0.3388895828125 0.9161453125 0.3388895828125 0.9010421875000001 0.3458333328125 0.9104171875 0.35763958281249997 0.9270828124999999 0.36875
0 0.4348953125 0.31319375 0.4427078125 0.29861041718750003 0.43072968749999996 0.28680625000000004 0.421875 0.28194375 0.3989578125 0.2791666671875 0.3854171875 0.28958333281250004 0.3895828125 0.30416666718749996 0.40208281250000005 0.31319375 0.4192703125 0.3215270828125 0.4348953125 0.31319375
2 0.2588546875 0.3854166671875 0.2739578125 0.38055625000000004 0.2859375 0.3791666671875 0.2875 0.36944374999999996 0.2859375 0.35694375 0.2708328125 0.3527770828125 0.2421875 0.35763958281249997 0.2317703125 0.3729166671875 0.246875 0.3861104171875 0.2588546875 0.3854166671875
2 0.7942703125 0.34444375 0.7765625 0.34444375 0.7583328125000001 0.3534729171875 0.7510421875 0.3673604171875 0.75625 0.3770833328125 0.7708328125 0.3798604171875 0.7880203125 0.3770833328125 0.8098953124999999 0.3777770828125 0.8234375 0.3715270828125 0.8270828124999999 0.36319375 0.8255203124999999 0.3534729171875 0.8177078124999999 0.34930625000000004 0.7942703125 0.34444375
2 0.7932296875 0.3729166671875 0.7796875 0.37430625 0.7635421874999999 0.38125 0.759375 0.3875 0.7567703125 0.40138958281250003 0.7692703125 0.4125 0.7869796874999999 0.4201395828125 0.7973953125000001 0.4159729171875 0.8 0.4034729171875 0.8088546875 0.3951395828125 0.8234375 0.3909729171875 0.83125 0.38680625 0.8255203124999999 0.37569375 0.8166671875 0.3729166671875 0.7932296875 0.3729166671875
2 0.8786453125 0.4902770828125 0.8979171875 0.48541666718750004 0.9244796875000001 0.4895833328125 0.9359375 0.47986041718749994 0.9213546875 0.46388958281250003 0.9151046875000001 0.44236041718749997 0.8796875 0.4402770828125 0.8421875 0.4513895828125 0.8395828125 0.4527770828125 0.8317703125 0.46388958281250003 0.8333328124999999 0.48055624999999996 0.8458328125 0.48888958281250006 0.8786453125 0.4902770828125
2 0.9984375 0.51319375 0.9984375 0.4527770828125 0.9863328125 0.43541666718750005 0.9738328125000001 0.42430625 0.9420624999999999 0.4152770828125 0.9248749999999999 0.4236104171875 0.9165421874999999 0.44236041718749997 0.9243546874999999 0.46666666718750005 0.9399796874999999 0.4909729171875 0.98425 0.5125 0.9984375 0.51319375
2 0.9984375 0.4201395828125 0.9811249999999999 0.41875 0.9748749999999999 0.42638958281250006 0.9984375 0.44861041718749994 0.9984375 0.4201395828125
2 0.9884171875 0.3159729171875 0.9639374999999999 0.3125 0.9524796875 0.3152770828125 0.9498749999999999 0.3347229171875 0.9634171874999999 0.3395833328125 0.9753953125000001 0.3486104171875 0.9984375 0.35 0.9984375 0.3479166671875 0.9984375 0.32638958281249997 0.9884171875 0.3159729171875
2 0.9363328125000001 0.3513895828125 0.9347703125000001 0.3701395828125 0.9701875 0.36805625000000003 0.9863328125 0.38333333281250004 0.9984375 0.3826395828125 0.9984375 0.35555625 0.9748749999999999 0.35 0.9363328125000001 0.3513895828125
2 0.9738328125000001 0.40694375000000005 0.98425 0.41875 0.9984375 0.41944375 0.9984375 0.38194374999999997 0.9863328125 0.3826395828125 0.9738328125000001 0.40694375000000005
2 0.41357499999999997 0.34700625 0.42919999999999997 0.34375 0.4453125 0.34179791718749997 0.455078125 0.3333333328125 0.455078125 0.32356875 0.44482499999999997 0.3151041671875 0.404296875 0.3209645828125 0.39990312499999997 0.33203125 0.39892656249999997 0.34179791718749997 0.41357499999999997 0.34700625
2 0.43603593749999997 0.35742291718749997 0.45459062499999997 0.3515625 0.45263749999999997 0.33919375 0.40234375 0.34570416718749997 0.400390625 0.359375 0.4091796875 0.3580729171875 0.43603593749999997 0.35742291718749997
3 0.4125 0.22734375 0.02578125 0.02109375
3 0.01328125 0.04375 0.0265625 0.040625
4 0.71015625 0.16328125 0.0125 0.01640625