2 0.90234375 0.4596354171875 0.900390625 0.4934895828125 0.9091796875 0.5130208328125 0.9404296875 0.5364583328125 0.97265625 0.5403645828125 0.9984375 0.5325520828125 0.9984375 0.4661458328125 0.9599609375 0.4453125 0.90234375 0.4596354171875
2 0.224609375 0.7044270828125 0.1943359375 0.6796875 0.1630859375 0.6770833328125 0.1396484375 0.6848958328125 0.1220703125 0.6979166671875 0.099609375 0.73828125 0.1015625 0.76953125 0.1083984375 0.78125 0.1396484375 0.8072916671874999 0.166015625 0.80859375 0.2001953125 0.7942708328125 0.2265625 0.75390625 0.23046875 0.73046875 0.224609375 0.7044270828125
2 0.1826171875 0.8098958328125001 0.1455078125 0.8125 0.103515625 0.7877604171875 0.107421875 0.8190104171874999 0.1298828125 0.8411458328125001 0.177734375 0.8450520828125001 0.2197265625 0.8203125 0.23046875 0.79296875 0.2138671875 0.7864583328125 0.1826171875 0.8098958328125001
2 0.3818359375 0.6744791671875 0.3583984375 0.6640625 0.3310546875 0.6640625 0.3095703125 0.671875 0.287109375 0.6966145828125 0.28125 0.7434895828125 0.2890625 0.76171875 0.3056640625 0.78125 0.33984375 0.7877604171875 0.3779296875 0.7786458328125 0.40234375 0.75390625 0.40625 0.7122395828125 0.3818359375 0.6744791671875
2 0.244140625 0.29296875 0.2275390625 0.2682291671875 0.2060546875 0.2630208328125 0.201171875 0.2877604171875 0.21484375 0.3216145828125 0.2119140625 0.3307291671875 0.189453125 0.30859375 0.177734375 0.2591145828125 0.1630859375 0.2552083328125 0.150390625 0.2955729171875 0.162109375 0.33984375 0.1884765625 0.375 0.21484375 0.3815104171875 0.2353515625 0.375 0.251953125 0.34765625 0.25390625 0.32421875 0.244140625 0.29296875
0 0.5390625 0.6184895828125 0.5009765625 0.5885416671875 0.4541015625 0.5859375 0.4189453125 0.6041666671875 0.40234375 0.63671875 0.41015625 0.6809895828125 0.4248046875 0.703125 0.4423828125 0.7135416671875 0.486328125 0.7200520828125 0.5224609375 0.7057291671875 0.55078125 0.6731770828125 0.548828125 0.6393229171875 0.5390625 0.6184895828125
0 0.5458984375 0.6875 0.5107421875 0.7161458328125 0.4931640625 0.7213541671875 0.423828125 0.7174479171875 0.423828125 0.7356770828125 0.4501953125 0.7526041671875 0.5078125 0.7591145828125 0.5322265625 0.7473958328125 0.556640625 0.72265625 0.5556640625 0.6901041671875 0.5458984375 0.6875
0 0.5556640625 0.7161458328125 0.5224609375 0.7552083328125 0.5048828125 0.7604166671875 0.4580078125 0.7552083328125 0.4345703125 0.7395833328125 0.4287109375 0.7239583328125 0.42578125 0.7278645828125 0.423828125 0.76953125 0.4404296875 0.7942708328125 0.4658203125 0.8098958328125001 0.5078125 0.80859375 0.5283203125 0.8020833328125001 0.546875 0.78515625 0.55859375 0.7565104171875 0.5556640625 0.7161458328125
0 0.5341796875 0.7994791671875 0.5029296875 0.8125 0.4560546875 0.8072916671874999 0.427734375 0.77734375 0.4248046875 0.7630208328125 0.416015625 0.7747395828125 0.412109375 0.8190104171874999 0.4228515625 0.84375 0.4541015625 0.8697916671874999 0.50390625 0.87109375 0.5224609375 0.8619791671874999 0.548828125 0.8268229171874999 0.5498046875 0.7734375 0.5341796875 0.7994791671875
2 0.9765625 0.040179167187499996 0.9542406250000001 0.0386895828125 0.9486609375 0.05803541718750001 0.9631703125 0.07291666718749999 0.9821421875 0.0848208328125 0.9984375 0.0922625 0.9984375 0.061012500000000004 0.9888390625 0.05803541718750001 0.9765625 0.040179167187499996
2 0.9921875 0.010416667187500001 0.9799109375 0.0059520828125000005 0.9720984375 0.010416667187500001 0.9676343749999999 0.0238104171875 0.96875 0.0386895828125 0.9944203125 0.0505958328125 0.9984375 0.05208333281250001 0.9984375 0.01785625 0.9921875 0.010416667187500001