0 0.7064734374999999 0.49553541718750005 0.7310265625000001 0.5074395828125 0.7767859374999999 0.5014875 0.8091515625 0.5 0.8348218749999999 0.48363125 0.8314734375 0.43303541718750005 0.704240625 0.4315479171875 0.6875 0.4375 0.6908484374999999 0.47618958281249996 0.7064734374999999 0.49553541718750005
2 0.6763390625000001 0.38095208281250004 0.6696421875 0.4047625 0.6774546875 0.42261875 0.6986609374999999 0.4345229171875 0.7321421875 0.4404770828125 0.7611609374999999 0.4389875 0.8091515625 0.4315479171875 0.8225453125 0.41815416718750004 0.8203125 0.3869041671875 0.787946875 0.3630958328125 0.7053578125 0.36011875 0.703125 0.36160625 0.6897328125 0.3630958328125 0.6763390625000001 0.38095208281250004
2 0.6897328125 0.51488125 0.7075890625000001 0.5401791671875 0.7209828125 0.5416666671875 0.756696875 0.54464375 0.782365625 0.5416666671875 0.8147328125 0.5431541671875 0.8370531250000001 0.5342270828125 0.84375 0.5029770828125 0.8314734375 0.4717270828125 0.8035718749999999 0.49256041718750004 0.7756703125 0.5044645828125 0.743303125 0.5014875 0.7287953125 0.4985125 0.7087046875 0.49553541718750005 0.6975453125 0.48065416718750004 0.688615625 0.48660625 0.6897328125 0.51488125
1 0.3616078125 0.38095208281250004 0.2756703125 0.6175604171875 0.272321875 0.7514875 0.2991078125 0.76339375 0.368303125 0.6830354171875 0.3950890625 0.5818458328125 0.6819203125 0.7514875 0.6674109374999999 0.8110125 0.7477671875 0.7931541671875 0.7578125 0.7395833328125 0.7232140625000001 0.6547625 0.702009375 0.70089375 0.40959843749999997 0.54910625 0.44307968750000004 0.36904791718749996 0.42522343749999997 0.34077291718749997 0.3616078125 0.38095208281250004
1 0.475446875 0.5401791671875 0.5022328125 0.5401791671875 0.532365625 0.53125 0.5647328125 0.51339375 0.5803578125 0.4970229171875 0.5680796875 0.47618958281249996 0.5502234374999999 0.46428541718750005 0.5368296875 0.45535625 0.5189734374999999 0.45386875 0.49776718750000004 0.45982083281249997 0.48772343749999997 0.45982083281249997 0.4921875 0.20238125 0.5234375 0.20089375 0.4921875 0.1458333328125 0.46540156250000003 0.1473208328125 0.43973281249999996 0.19345208281249998 0.47209843749999997 0.20089375 0.462053125 0.4583333328125 0.42522343749999997 0.4657729171875 0.40959843749999997 0.4940479171875 0.428571875 0.5401791671875 0.475446875 0.5401791671875
1 0.6450890625000001 0.5 0.647321875 0.5252979171875001 0.6997765625000001 0.5684520828124999 0.8069203125 0.57589375 0.8493296875 0.5669645828125 0.8839281250000001 0.5282729171875 0.8560265625 0.5 0.7834828125 0.48660625 0.7868296875 0.2127979171875 0.8214281250000001 0.2127979171875 0.7946421875 0.1577375 0.7633921875 0.1607145828125 0.7232140625000001 0.20684583281250002 0.764509375 0.20982083281250002 0.751115625 0.4672625 0.6930796875 0.4672625 0.6450890625000001 0.5
1 0.9810265625 0.22172708281250003 0.9508921875 0.5699395828125 0.8683031250000001 0.5639875 0.8180796875 0.5848208328125 0.8002234375 0.6175604171875 0.828125 0.6488104171875 0.8872765625 0.6994041671875 0.9984375 0.7247020828124999 0.9984375 0.58035625 0.9765625 0.5818458328125 0.9977671875 0.3541666671875 0.9984375 0.15835 0.9854906250000001 0.1577375 0.9308031250000001 0.21577291718749997 0.9810265625 0.22172708281250003
3 0.48125 0.1734375 0.0703125 0.05
3 0.775 0.18515625 0.0765625 0.0546875
3 0.71640625 0.7375 0.0796875 0.14921875
3 0.971875 0.190625 0.05546875 0.065625