2 0.305803125 0.49107083281249997 0.334821875 0.5074395828125 0.390625 0.51339375 0.405134375 0.5119041671875 0.422990625 0.4970229171875 0.43303593749999997 0.47321458281249995 0.42522343749999997 0.45386875 0.41182968750000004 0.44493958281249996 0.368303125 0.4375 0.342634375 0.4479166671875 0.3046875 0.4627979171875 0.305803125 0.49107083281249997
2 0.3984375 0.42113125 0.430803125 0.42113125 0.467634375 0.41815416718750004 0.469865625 0.4032729171875 0.45647343749999997 0.3958333328125 0.42745468750000004 0.3973208328125 0.3783484375 0.3943458328125 0.373884375 0.41815416718750004 0.3872765625 0.42113125 0.3984375 0.42113125
2 0.359375 0.30952291718749997 0.358259375 0.33035625 0.3694203125 0.3452375 0.3861609375 0.3541666671875 0.40178593749999997 0.3541666671875 0.422990625 0.35714375 0.436384375 0.3511895828125 0.454240625 0.3422625 0.444196875 0.3110125 0.422990625 0.29910625 0.3962046875 0.29910625 0.3671875 0.3005958328125 0.359375 0.30952291718749997
2 0.44307968750000004 0.3556541671875 0.41964218750000004 0.36160625 0.381696875 0.36160625 0.376115625 0.3854166671875 0.390625 0.38839375 0.41741093749999997 0.3943458328125 0.446428125 0.39285625 0.4609375 0.3824395828125 0.46651718750000004 0.36160625 0.452009375 0.34970208281250004 0.44307968750000004 0.3556541671875
2 0.8482140625 0.5 0.8772328125 0.5208333328125 0.8939734375 0.5282729171875 0.9352671875 0.5252979171875001 0.9698656250000001 0.51636875 0.9765625 0.4970229171875 0.9631703125 0.48214375 0.9308031250000001 0.49256041718750004 0.8883921875 0.49256041718750004 0.8738843749999999 0.48363125 0.8515625 0.46428541718750005 0.8370531250000001 0.4672625 0.8337046875 0.49107083281249997 0.8482140625 0.5
0 0.8482140625 0.41964375 0.8404015625 0.45535625 0.8683031250000001 0.48363125 0.8872765625 0.4970229171875 0.9274546875 0.4970229171875 0.9587046875 0.48809583281249996 0.9676343749999999 0.47618958281249996 0.9776781250000001 0.45684583281249996 0.9732140625 0.43303541718750005 0.9508921875 0.4122020828125 0.921875 0.4032729171875 0.8872765625 0.4032729171875 0.8627234375 0.40625 0.8482140625 0.41964375
1 0.258928125 0.48809583281249996 0.280134375 0.5372020828124999 0.40178593749999997 0.54613125 0.47879531249999996 0.5059520828124999 0.452009375 0.45982083281249997 0.383928125 0.4479166671875 0.3805796875 0.1964291671875 0.3984375 0.19493958281249998 0.389509375 0.1517854171875 0.352678125 0.1473208328125 0.321428125 0.19345208281249998 0.358259375 0.19493958281249998 0.358259375 0.44493958281249996 0.295759375 0.4627979171875 0.258928125 0.48809583281249996
1 0.420759375 0.44493958281249996 0.49442031249999996 0.4315479171875 0.483259375 0.40178541718750005 0.453125 0.3839291671875 0.430803125 0.3854166671875 0.4296875 0.1904770828125 0.44977656250000003 0.1904770828125 0.41964218750000004 0.1517854171875 0.40625 0.15625 0.3805796875 0.1919645828125 0.40625 0.19345208281249998 0.40290156250000003 0.3854166671875 0.3415171875 0.3973208328125 0.352678125 0.4345229171875 0.420759375 0.44493958281249996
1 0.5424109374999999 0.44493958281249996 0.514509375 0.4717270828125 0.524553125 0.48809583281249996 0.545759375 0.5059520828124999 0.587053125 0.5193458328125 0.6383921875 0.53125 0.6796875 0.5238104171875 0.7064734374999999 0.4985125 0.7109375 0.4791666671875 0.6595984374999999 0.4434520828125 0.631696875 0.44196458281249995 0.641740625 0.20535625 0.6685265625000001 0.20535625 0.647321875 0.1577375 0.6138390625000001 0.15625 0.584821875 0.20684583281250002 0.6138390625000001 0.20982083281250002 0.6127234374999999 0.2142854171875 0.6049109374999999 0.4404770828125 0.5424109374999999 0.44493958281249996
1 0.6696421875 0.43006041718750004 0.702009375 0.46131041718750004 0.7209828125 0.48065416718750004 0.790178125 0.48511875 0.828125 0.4747020828125 0.8459828125 0.45238125 0.8348218749999999 0.4389875 0.787946875 0.41964375 0.8046875 0.20982083281250002 0.8247765625 0.2172625 0.8069203125 0.17113125 0.782365625 0.16368958281249998 0.758928125 0.20386875 0.7779015625000001 0.20535625 0.7544640625000001 0.41815416718750004 0.704240625 0.4166666671875 0.6696421875 0.43006041718750004
1 0.8225453125 0.46875 0.8002234375 0.49256041718750004 0.8113843749999999 0.51488125 0.8325890625 0.5431541671875 0.8727671875 0.5535708328125 0.8984375 0.5505958328125 0.9754468749999999 0.5416666671875 0.9984375 0.5372020828124999 0.9984375 0.5014875 0.9676343749999999 0.48809583281249996 0.9241078125 0.46131041718750004 0.9475453125 0.2247020828125 0.9743296875 0.2261895828125 0.9486609375 0.1770833328125 0.921875 0.1755958328125 0.8883921875 0.2172625 0.9185265625 0.2261895828125 0.8995531250000001 0.4672625 0.8225453125 0.46875
3 0.36328125 0.17109375 0.07109375 0.05
3 0.4140625 0.171875 0.05390625 0.04453125
3 0.62734375 0.18125 0.06875 0.04453125
3 0.92890625 0.19765625 0.071875 0.0484375
3 0.790625 0.19140625 0.05703125 0.04140625