0 0.171875 0.9541666671875 0.140625 0.9979166671874999 0.35 0.9979166671874999 0.353125 0.95625 0.346875 0.93125 0.315625 0.9 0.284375 0.89375 0.24375 0.9020833328125001 0.2109375 0.91875 0.171875 0.9541666671875
0 0.50625 0.45520833281249995 0.48125 0.453125 0.43828125 0.4635416671875 0.415625 0.484375 0.4078125 0.5114583328125 0.41875 0.5375 0.440625 0.5333333328125 0.4890625 0.521875 0.5171875 0.49583333281249997 0.5203125 0.471875 0.50625 0.45520833281249995
2 0.6546875 0.34375 0.64609375 0.3322916671875 0.6234375 0.33541666718749996 0.5984375 0.346875 0.57734375 0.3552083328125 0.571875 0.3760416671875 0.584375 0.396875 0.62265625 0.40416666718750005 0.6421875 0.3854166671875 0.6625 0.365625 0.6546875 0.34375
2 0.74375 0.309375 0.78359375 0.309375 0.815625 0.2979166671875 0.8328125 0.2833333328125 0.82890625 0.2552083328125 0.79140625 0.246875 0.75625 0.265625 0.74296875 0.2854166671875 0.74375 0.309375
2 0.8828125 0.2854166671875 0.9140625 0.2802083328125 0.93984375 0.2697916671875 0.95859375 0.2552083328125 0.9625 0.240625 0.9640625 0.22291666718749997 0.95625 0.2052083328125 0.93125 0.20833333281250002 0.89765625 0.21458333281250003 0.86328125 0.2416666671875 0.85546875 0.2552083328125 0.85234375 0.278125 0.8828125 0.2854166671875
2 0.93125 0.271875 0.89765625 0.28125 0.88359375 0.2864583328125 0.89375 0.3 0.9046875 0.3083333328125 0.9171875 0.30625 0.9390625 0.30520833281250004 0.96015625 0.2989583328125 0.99296875 0.28125 0.9953125 0.27291666718749996 0.99765625 0.2479166671875 0.98359375 0.23854166718749997 0.97109375 0.24583333281250003 0.96328125 0.25833333281250004 0.93125 0.271875
1 0.3921875 0.225 0.37421875 0.278125 0.40859375 0.2677083328125 0.45390625 0.4791666671875 0.40625 0.49791666718750005 0.37890625 0.5489583328125 0.421875 0.5833333328125 0.5234375 0.540625 0.56953125 0.48645833281249995 0.5328125 0.45208333281249996 0.46640625 0.465625 0.42890625 0.2666666671875 0.45703125 0.253125 0.41171875 0.215625 0.3921875 0.225
1 0.55859375 0.42291666718750004 0.63359375 0.41979166718750005 0.70078125 0.3770833328125 0.684375 0.33645833281250004 0.62421875 0.3395833328125 0.59296875 0.1677083328125 0.61640625 0.1604166671875 0.59140625 0.1270833328125 0.56953125 0.1354166671875 0.546875 0.18125 0.56484375 0.18020833281249998 0.6078125 0.346875 0.54765625 0.38125 0.55859375 0.42291666718750004
1 0.709375 0.3114583328125 0.72265625 0.31875 0.74375 0.33125 0.815625 0.31875 0.86953125 0.278125 0.8578125 0.2645833328125 0.7890625 0.25729166718749996 0.7703125 0.0927083328125 0.7828125 0.08125 0.76015625 0.0625 0.740625 0.0645833328125 0.73203125 0.1052083328125 0.7515625 0.0958333328125 0.77578125 0.2708333328125 0.75078125 0.27291666718749996 0.709375 0.3114583328125
1 0.86328125 0.27897916718750004 0.85234375 0.3018958328125 0.8515625 0.3321041671875 0.95234375 0.3279375 0.9984375 0.3123125 0.9984375 0.2529375 0.94609375 0.2571041671875 0.92109375 0.0571041671875 0.94140625 0.0477291671875 0.915625 0.016479167187499998 0.89609375 0.0258541671875 0.88359375 0.0635416671875 0.90703125 0.06543750000000001 0.91796875 0.2571041671875 0.86328125 0.27897916718750004
3 0.4125 0.246875 0.0609375 0.05078125
3 0.58125 0.15234375 0.053125 0.040625
3 0.7578125 0.078125 0.04921875 0.03984375
3 0.9109375 0.04296875 0.053125 0.04453125