0 0 0.9520833328125 0.046875 0.9375 0.0890625 0.9083333328125001 0.09375 0.86875 0.08125 0.8395833328125001 0.0515625 0.825 0.0109375 0.8229166671874999 0 0.8270833328125 0 0.9520833328125
0 0.5328125 0.6520833328125 0.546875 0.6604166671875 0.5859375 0.6604166671875 0.6125 0.6479166671875001 0.6140625 0.63125 0.6046875 0.6145833328125 0.5859375 0.6020833328124999 0.565625 0.6020833328124999 0.534375 0.6208333328125 0.5296875 0.63125 0.5328125 0.6520833328125
0 0.38125 0.6125 0.375 0.6125 0.371875 0.6166666671875001 0.36875 0.6166666671875001 0.3640625 0.6229166671875 0.3625 0.63125 0.3609375 0.63125 0.3625 0.6479166671875001 0.365625 0.6520833328125 0.36875 0.6520833328125 0.36875 0.6541666671875 0.371875 0.6541666671875 0.371875 0.65625 0.38125 0.65625 0.38125 0.6583333328125 0.4109375 0.6583333328125 0.4109375 0.65625 0.4234375 0.65625 0.4234375 0.6541666671875 0.4390625 0.6520833328125 0.4421875 0.6479166671875001 0.4421875 0.64375 0.44375 0.64375 0.44375 0.6291666671875 0.4421875 0.6291666671875 0.4421875 0.6229166671875 0.440625 0.6229166671875 0.440625 0.61875 0.4375 0.6145833328125 0.43125 0.6125 0.43125 0.6104166671875 0.4265625 0.6104166671875 0.4265625 0.6083333328125 0.4203125 0.6083333328125 0.4203125 0.60625 0.3984375 0.60625 0.3984375 0.6083333328125 0.38125 0.6104166671875 0.38125 0.6125
0 0.48290156250000005 0.5231916671875 0.4761203125 0.52240625 0.448996875 0.52240625 0.4422171875 0.51886875 0.43632031250000003 0.5204395828124999 0.431309375 0.5302666671875 0.4339625 0.5341979171875 0.4613796875 0.5365562500000001 0.4787734375 0.5349833328125 0.48407968749999997 0.5310541671875 0.48290156250000005 0.5231916671875
0 0.441628125 0.5176895828125 0.4510609375 0.5196541671875 0.47051875 0.5208333328125 0.4814265625 0.5192604171874999 0.487028125 0.5149375 0.487028125 0.50393125 0.4814265625 0.49606874999999995 0.4431015625 0.4956770828125 0.4375 0.50314375 0.4375 0.5129708328125 0.441628125 0.5176895828125
2 0.162684375 0.6979166671875 0.125 0.6954666671874999 0.095128125 0.70098125 0.068934375 0.7144604171875 0.0597421875 0.7218145828125 0.0546875 0.7389708328125 0.0597421875 0.7579666671874999 0.068934375 0.76348125 0.0836390625 0.7696083328125 0.139246875 0.7604166671875 0.17555156249999998 0.7408083328124999 0.17555156249999998 0.71875 0.162684375 0.6979166671875
2 0.1378671875 0.6501229171875 0.1328125 0.6366416671875 0.117646875 0.626225 0.1038609375 0.626225 0.0804234375 0.6311270828125 0.060662499999999994 0.6372541671875 0.050092187499999996 0.6482833328125001 0.0427390625 0.6519604171875 0.04779375 0.6709562499999999 0.0625 0.6801479171875 0.0983453125 0.6746333328125 0.13373125 0.6660541671875 0.1378671875 0.6501229171875
2 0.0445765625 0.6482833328125001 0.055146875 0.63848125 0.068475 0.6323520828125 0.0813421875 0.6292895828125 0.087775 0.6231625000000001 0.084559375 0.61151875 0.0762875 0.6047791671875 0.0597421875 0.6017166671874999 0.0367640625 0.6060041671875 0.014246875 0.6164208328125 0 0.6323520828125 0.00873125 0.6495104171875 0.0275734375 0.6556375 0.0284921875 0.6556375 0.0418203125 0.657475 0.0445765625 0.6482833328125001
2 0.39889687500000004 0.563725 0.3924625 0.5582104171875 0.37591874999999997 0.5557604171875 0.35983437500000004 0.5594354171875 0.36488906249999997 0.5772062499999999 0.36351093749999996 0.592525 0.3938421875 0.5913 0.40257343749999996 0.5827208328125 0.40257343749999996 0.5741416671875 0.39889687500000004 0.563725
2 0.48805156250000004 0.5674020828125 0.477940625 0.5582104171875 0.46001875 0.5557604171875 0.43198593750000003 0.5563729171875 0.42463281249999996 0.5674020828125 0.42876875 0.5753666671875 0.4669125 0.5723041671875 0.48161718750000004 0.5851708328125 0.48851093749999996 0.5851708328125 0.48805156250000004 0.5674020828125
2 0.210478125 0.4993875 0.19623125 0.4981625 0.1953125 0.5245104171875 0.21185625 0.5588229171875 0.21875 0.5698520828125 0.218290625 0.5214458328125 0.210478125 0.4993875
1 0.4515625 0.49375 0.4359375 0.5041666671875 0.4359375 0.51875 0.4296875 0.53125 0.4203125 0.5333333328125 0.4203125 0.5416666671875 0.4359375 0.5520833328125 0.4921875 0.55 0.496875 0.5333333328125 0.4859375 0.5270833328125 0.4796875 0.5020833328125 0.459375 0.49375 0.4578125 0.4270833328125 0.465625 0.4145833328125 0.459375 0.40416666718750005 0.45 0.40416666718750005 0.44375 0.4166666671875 0.45 0.425 0.4515625 0.49375
1 0.2125 0.45625 0.215625 0.46458333281249997 0.215625 0.6270833328125 0.1671875 0.6375 0.1546875 0.6541666671875 0.1671875 0.6666666671875 0.1890625 0.6729166671875 0.275 0.66875 0.2890625 0.65 0.290625 0.63125 0.240625 0.6125 0.23125 0.5708333328124999 0.228125 0.4625 0.24375 0.4479166671875 0.228125 0.4270833328125 0.2171875 0.4270833328125 0.2015625 0.4458333328125 0.2015625 0.45416666718750004 0.2125 0.45625
0 0.425 0.6111104171874999 0.44479218749999994 0.6166666671875001 0.465625 0.6125 0.475 0.6041666671875 0.48229218749999997 0.5916666671875 0.46875 0.5736104171874999 0.43645781250000004 0.5736104171874999 0.41875 0.5791666671875 0.4114578125 0.5958333328125 0.425 0.6111104171874999
3 0.73125 0.21015625 0.05390625 0.0390625
3 0.221875 0.440625 0.04296875 0.02578125
3 0.4546875 0.41171875 0.025 0.01640625