2 0.2559125 0.38795 0.2736484375 0.38175625 0.2884296875 0.3772520828125 0.2854734375 0.35698124999999997 0.2677359375 0.3547291671875 0.2491546875 0.35529375 0.237753125 0.36205 0.23057500000000003 0.3710583328125 0.2394421875 0.375 0.2457765625 0.3772520828125 0.2478890625 0.38682500000000003 0.2559125 0.38795
0 0.38386875 0.36936874999999997 0.3821796875 0.3659916671875 0.3741546875 0.36373958281249996 0.3678203125 0.36317499999999997 0.36233125 0.36317499999999997 0.353040625 0.3643020828125 0.3450171875 0.3676791671875 0.338259375 0.3733104171875 0.337415625 0.3789416671875 0.3395265625 0.38175625 0.34670625 0.3840083328125 0.3640203125 0.3856979171875 0.374578125 0.3823208328125 0.3809125 0.3778145828125 0.38386875 0.36936874999999997
0 0.8265625 0.5333333328125 0.840625 0.55 0.8734375 0.5604166671875 0.9140625 0.5604166671875 0.9421875 0.5520833328125 0.9515625 0.5458333328125 0.9546875 0.5395833328124999 0.9578125 0.5291666671875 0.95625 0.5104166671875 0.9453125 0.4895833328125 0.9109375 0.4770833328125 0.8671875 0.4770833328125 0.834375 0.4875 0.8265625 0.5020833328125 0.8265625 0.5333333328125
0 0.8040546875000001 0.2286041671875 0.7918078125 0.2347979171875 0.7833609375 0.2466208328125 0.7833609375 0.2652020828125 0.794340625 0.2713958328125 0.8133453125000001 0.2725229171875 0.827703125 0.2702708328125 0.8386828124999999 0.26801875000000003 0.855996875 0.2635125 0.8602203125000001 0.25619375 0.862753125 0.24605833281249997 0.859375 0.2297291671875 0.8496625 0.22578749999999997 0.8357265625 0.22578749999999997 0.8184125 0.22578749999999997 0.8040546875000001 0.2286041671875
0 0.8391046875000001 0.3034916671875 0.8467062500000001 0.30123958281249996 0.8581078124999999 0.2922291671875 0.862753125 0.28209375 0.8606421875000001 0.2730854171875 0.8564187499999999 0.2663291671875 0.840371875 0.2668916671875 0.8289703125000001 0.2702708328125 0.8146109375 0.2702708328125 0.803209375 0.26914375 0.7947640625 0.26801875000000003 0.7863171875 0.2668916671875 0.7791390625 0.2702708328125 0.7761828125 0.2775895828125 0.77745 0.28603541718750003 0.78125 0.29335625 0.781671875 0.2989875 0.7951859375 0.3029270828125 0.8053203124999999 0.3046166671875 0.822634375 0.3051791671875 0.8391046875000001 0.3034916671875
0 0.7909625 0.3338958328125 0.8019421875000001 0.3355854171875 0.812921875 0.33614791718750003 0.8234796875000001 0.3355854171875 0.8353046875000001 0.3333333328125 0.844171875 0.33108125 0.8509296875000001 0.3265770828125 0.8610640625 0.3119375 0.8614859375 0.30630625 0.8602203125000001 0.2984229171875 0.855575 0.2972979171875 0.8450171875000001 0.3023645828125 0.8264359375 0.3034916671875 0.8116546874999999 0.3051791671875 0.79983125 0.3034916671875 0.793496875 0.30067499999999997 0.7858953125 0.2984229171875 0.7799828125 0.2989875 0.7770265625 0.3051791671875 0.77449375 0.3141895828125 0.7761828125 0.32376041718750004 0.7791390625 0.3288291671875 0.7909625 0.3338958328125
0 0.7639359375 0.2837833328125 0.7635140625 0.29673333281250003 0.765625 0.3040541671875 0.7715375 0.30686874999999997 0.77745 0.30123958281249996 0.7795609375 0.2961708328125 0.77829375 0.2882875 0.77449375 0.2792791671875 0.7799828125 0.27196041718749997 0.7858953125 0.2663291671875 0.7854734375 0.2522520828125 0.784628125 0.24774791718750003 0.781671875 0.24436874999999997 0.774915625 0.25112708281249996 0.7677359375 0.26295 0.765625 0.2725229171875 0.7639359375 0.2837833328125
0 0.793496875 0.4346854171875 0.794340625 0.4459458328125 0.79983125 0.45157708281250003 0.8108109375 0.45608125 0.8230578124999999 0.4605854171875 0.8260140625 0.4605854171875 0.8302359375 0.45551875 0.8310812500000001 0.45101250000000004 0.834459375 0.44313125 0.840371875 0.4391895828125 0.847128125 0.4358104171875 0.8581078124999999 0.4324333328125 0.8665546875000001 0.4301791671875 0.878378125 0.42961666718749997 0.8864015625 0.4290541671875 0.8889359375 0.4290541671875 0.8918921875000001 0.42398749999999996 0.885134375 0.4149770828125 0.878378125 0.4099104171875 0.8707765625 0.4076583328125 0.861909375 0.40540624999999997 0.8488171875000001 0.4042791671875 0.8365703124999999 0.4042791671875 0.8234796875000001 0.40540624999999997 0.8116546874999999 0.4082208328125 0.8010984375 0.412725 0.7981421875 0.41722916718749997 0.7956078125 0.42455 0.793496875 0.4346854171875
0 0.8483953124999999 0.3828833328125 0.8327703124999999 0.3890770828125 0.8264359375 0.3902020828125 0.8154562500000001 0.3952708328125 0.812078125 0.4014645828125 0.8167234375 0.40709375000000003 0.834459375 0.40596875 0.8458609375 0.40540624999999997 0.856840625 0.40653125 0.8682437500000001 0.4087833328125 0.8771109375 0.4144145828125 0.8838687500000001 0.4200458328125 0.894425 0.42455 0.8982265625 0.412725 0.899915625 0.4048416671875 0.9045609375 0.3992125 0.9032937499999999 0.3952708328125 0.8914703125000001 0.38795 0.8741546874999999 0.3834458328125 0.8602203125000001 0.38175625 0.8483953124999999 0.3828833328125
0 0.9442562499999999 0.38626041718750004 0.956503125 0.38795 0.9700171875000001 0.3902020828125 0.9733953124999999 0.38682500000000003 0.9759296875000001 0.3783791671875 0.9822640625 0.3710583328125 0.981840625 0.3659916671875 0.9767734375 0.3603604171875 0.96875 0.35698124999999997 0.9552359375 0.35529375 0.937078125 0.35585625 0.9235640625 0.35641875 0.9075171875000001 0.35923333281250003 0.8973812499999999 0.36936874999999997 0.8978046875000001 0.3795041671875 0.90625 0.3913291671875 0.9134296875000001 0.3913291671875 0.9239859375 0.39301875000000003 0.9303203124999999 0.39076666718749997 0.9442562499999999 0.38626041718750004
0 0.90245 0.4284916671875 0.912584375 0.4290541671875 0.9176515625 0.4211708328125 0.918496875 0.4138520828125 0.925253125 0.4104729171875 0.9332765625 0.4082208328125 0.949746875 0.40653125 0.959459375 0.40934583281250003 0.9746625 0.41328750000000003 0.984796875 0.41328750000000003 0.9949328124999999 0.40934583281250003 0.9940875 0.40090000000000003 0.9852203125000001 0.39470625 0.9797296875000001 0.39301875000000003 0.9695953125000001 0.3918916671875 0.9577703124999999 0.39076666718749997 0.9425671875000001 0.3902020828125 0.9328546875000001 0.3902020828125 0.925253125 0.3918916671875 0.9138515625 0.3958333328125 0.9070953125000001 0.3992125 0.9016046875000001 0.4048416671875 0.899915625 0.4104729171875 0.8978046875000001 0.4211708328125 0.90245 0.4284916671875
2 0.7609796875 0.4268020828125 0.769003125 0.4324333328125 0.774915625 0.4324333328125 0.784628125 0.4301791671875 0.7922296875 0.4228604171875 0.7989859375 0.4144145828125 0.8027875 0.40934583281250003 0.8040546875000001 0.4025895828125 0.802365625 0.3952708328125 0.7951859375 0.3885125 0.783784375 0.3856979171875 0.771959375 0.3840083328125 0.760134375 0.3840083328125 0.749578125 0.3840083328125 0.749578125 0.4104729171875 0.755490625 0.41891875 0.7609796875 0.4268020828125
2 0.8640203124999999 0.43186875 0.8509296875000001 0.4335583328125 0.8416390625 0.4363729171875 0.8353046875000001 0.4408791671875 0.8298140625 0.4487604171875 0.8289703125000001 0.46171249999999997 0.8323484375 0.4746625 0.838259375 0.48029374999999996 0.8509296875000001 0.4825458328125 0.8610640625 0.48198125 0.8758453125000001 0.4791666671875 0.894425 0.4774770828125 0.9092062500000001 0.48198125 0.9290546875000001 0.48423333281250003 0.9383453125000001 0.48029374999999996 0.9362328124999999 0.4712833328125 0.9315875 0.4662166671875 0.9235640625 0.45777083281250003 0.9189187499999999 0.4459458328125 0.9159625 0.4403145828125 0.9121625 0.4324333328125 0.9016046875000001 0.42961666718749997 0.8948484375 0.4290541671875 0.8792234375 0.43074375 0.8640203124999999 0.43186875
2 0.9413 0.4082208328125 0.9269421875000001 0.4082208328125 0.9176515625 0.4104729171875 0.9142734375 0.4200458328125 0.9134296875000001 0.4335583328125 0.9168078124999999 0.4481979171875 0.925253125 0.45946041718749997 0.9391890625 0.4712833328125 0.950590625 0.4786041671875 0.96875 0.4893020828125 0.984796875 0.49436875 0.9984375 0.4988729171875 0.9984375 0.425675 0.993665625 0.4206083328125 0.9814187499999999 0.4161041671875 0.96495 0.4121625 0.9413 0.4082208328125
2 0.987753125 0.3710583328125 0.980575 0.3766895828125 0.9771953124999999 0.38175625 0.9759296875000001 0.3896395828125 0.978040625 0.39414375 0.9822640625 0.3952708328125 0.988175 0.39696041718749997 0.993665625 0.4014645828125 0.9984375 0.4025895828125 0.9984375 0.36880625 0.994509375 0.36936874999999997 0.987753125 0.3710583328125
2 0.9628375 0.3091208328125 0.9607265625 0.3170041671875 0.962415625 0.3215083328125 0.96875 0.3215083328125 0.9746625 0.3203833328125 0.983953125 0.3198208328125 0.9915546875000001 0.3203833328125 0.996621875 0.3215083328125 0.9984375 0.3220729171875 0.9984375 0.2989875 0.988175 0.3001125 0.9797296875000001 0.30123958281249996 0.9674828124999999 0.3051791671875 0.9628375 0.3091208328125
2 0.9984375 0.3479729171875 0.997465625 0.3417791671875 0.9940875 0.3378375 0.9894421875000001 0.3355854171875 0.983953125 0.3338958328125 0.9759296875000001 0.3333333328125 0.968328125 0.3333333328125 0.956503125 0.3333333328125 0.947634375 0.3338958328125 0.9421453124999999 0.3350229171875 0.9375 0.337275 0.9324328124999999 0.3395270828125 0.9294765625 0.34234166718750003 0.9265203124999999 0.34853541718750003 0.927365625 0.3524770828125 0.9337 0.3541666671875 0.940878125 0.3541666671875 0.9459453124999999 0.3547291671875 0.9539703125000001 0.35529375 0.9598812499999999 0.35585625 0.9657937499999999 0.35698124999999997 0.972128125 0.3586708328125 0.978040625 0.36205 0.9826859375 0.3704958328125 0.9894421875000001 0.3676791671875 0.9978890625 0.3648645828125 0.9984375 0.3597979171875 0.9984375 0.3479729171875
2 0.783784375 0.38682500000000003 0.800675 0.38795 0.8184125 0.3873875 0.833615625 0.3856979171875 0.8505062499999999 0.38175625 0.8572640625 0.3721854171875 0.8576859375 0.3609229171875 0.8509296875000001 0.3519145828125 0.840371875 0.35585625 0.8146109375 0.3609229171875 0.7951859375 0.3609229171875 0.77745 0.35641875 0.771115625 0.36936874999999997 0.7736484375 0.3795041671875 0.783784375 0.38682500000000003
2 0.78420625 0.33108125 0.77238125 0.33051875000000003 0.7702703125 0.34234166718750003 0.7753375 0.3541666671875 0.7854734375 0.3586708328125 0.8027875 0.3597979171875 0.8239015625 0.35923333281250003 0.8391046875000001 0.35529375 0.850084375 0.35135208281249997 0.855575 0.34290625 0.856840625 0.3338958328125 0.8521953124999999 0.3271395828125 0.833615625 0.3355854171875 0.8103890625 0.3378375 0.794340625 0.3355854171875 0.78420625 0.33108125
2 0.9615703124999999 0.3198208328125 0.940878125 0.32432500000000003 0.9391890625 0.3260125 0.9366546874999999 0.3338958328125 0.9425671875000001 0.33614791718750003 0.9510140625 0.3350229171875 0.9628375 0.3338958328125 0.9700171875000001 0.3338958328125 0.978040625 0.33446041718749997 0.984796875 0.33446041718749997 0.9919765625 0.3355854171875 0.9953546875000001 0.3384 0.9984375 0.3338958328125 0.9984375 0.3231979171875 0.9949328124999999 0.3215083328125 0.981840625 0.31925625 0.9729734375 0.31813125000000003 0.9615703124999999 0.3198208328125
1 0.7715375 0.3665541671875 0.761825 0.37387291718750004 0.7559125 0.38119375 0.7614015625 0.3873875 0.77745 0.39301875000000003 0.8044765625 0.3975229171875 0.8289703125000001 0.3958333328125 0.8741546874999999 0.3823208328125 0.8855578124999999 0.3744375 0.8792234375 0.36373958281249996 0.8293921875000001 0.35585625 0.825590625 0.2043916671875 0.8386828124999999 0.1981979171875 0.824325 0.175675 0.812078125 0.1768020828125 0.7989859375 0.2049541671875 0.8133453125000001 0.20382916718750002 0.8163 0.35923333281250003 0.794340625 0.3609229171875 0.7715375 0.3665541671875
3 0.81875 0.190625 0.0390625 0.0265625
3 0.0109375 0.05390625 0.02109375 0.03671875
4 0.70625 0.15546875 0.0140625 0.015625