2 0 0.37890625 0.01953125 0.37890625 0.0458984375 0.3619791671875 0.064453125 0.3372395828125 0.06640625 0.3033854171875 0.0517578125 0.2838541671875 0.0302734375 0.2890625 0.0224609375 0.2994791671875 0 0.30078125 0 0.37890625
2 0.3056640625 0.09114583281250001 0.298828125 0.12109375 0.3134765625 0.1458333328125 0.330078125 0.15234375 0.3349609375 0.1744791671875 0.345703125 0.1731770828125 0.365234375 0.14453125 0.36328125 0.1184895828125 0.3466796875 0.09895833281250001 0.3056640625 0.09114583281250001
2 1 0.51953125 0.9345703125 0.5208333328125 0.9140625 0.54296875 0.892578125 0.5924479171875 0.892578125 0.6080729171875 0.8974609375 0.59375 0.9013671875 0.6145833328125 0.9365234375 0.6432291671875 0.9697265625 0.6614583328125 0.994140625 0.66015625 1 0.6575520828125 1 0.51953125
2 0.9111328125 0.6197916671875 0.8974609375 0.5885416671875 0.892578125 0.5950520828125 0.8779296875 0.6484375 0.8994140625 0.6484375 0.9521484375 0.6875 0.99609375 0.69140625 0.9990234375 0.6614583328125 0.9677734375 0.6614583328125 0.9423828125 0.6484375 0.9111328125 0.6197916671875
2 0.8955078125 0.6432291671875 0.87890625 0.6497395828125 0.880859375 0.6783854171875 0.8994140625 0.6953125 0.9072265625 0.7135416671875 0.9384765625 0.734375 0.97265625 0.73828125 1 0.72265625 0.9990234375 0.6901041671875 0.9501953125 0.6875 0.8955078125 0.6432291671875
2 0.9501953125 0.7421875 0.9189453125 0.7239583328125 0.892578125 0.69140625 0.900390625 0.68359375 0.880859375 0.6705729171875 0.8857421875 0.6614583328125 0.869140625 0.66796875 0.873046875 0.67578125 0.865234375 0.6861979171875 0.8671875 0.7018229171875 0.8876953125 0.7447916671875 0.9365234375 0.7760416671875 0.962890625 0.77734375 0.9833984375 0.7734375 1 0.7513020828125 0.9833984375 0.7421875 0.9501953125 0.7421875
0 0.2734375 0.7825520828125 0.2373046875 0.7317708328125 0.1611328125 0.7265625 0.1220703125 0.75 0.095703125 0.79296875 0.08984375 0.86328125 0.1201171875 0.8958333328125001 0.177734375 0.91015625 0.2294921875 0.90625 0.267578125 0.88671875 0.275390625 0.8424479171874999 0.2734375 0.7825520828125
0 0.068359375 0.0013020828125 0.0810546875 0.0416666671875 0.103515625 0.0403645828125 0.125 0.0299479171875 0.134765625 0.006510417187500001 0.1318359375 0 0.068359375 0.0013020828125
0 0.0888671875 0.0364583328125 0.08203125 0.0455729171875 0.0859375 0.07421875 0.103515625 0.07682291718749999 0.126953125 0.0403645828125 0.1298828125 0.013020832812499999 0.1181640625 0.0338541671875 0.0888671875 0.0364583328125
0 0.1083984375 0.07552083281250001 0.0947265625 0.078125 0.0830078125 0.0703125 0.0703125 0.08203125 0.0888671875 0.1119791671875 0.109375 0.1106770828125 0.146484375 0.07421875 0.1337890625 0.0390625 0.1171875 0.05338541718749999 0.1083984375 0.07552083281250001
0 0.100446428125 0.9523809515625 0.102678571875 0.9702380953124999 0.11495535781249999 0.9985119046875001 0.1484375 1 0.18415178593749998 0.9985119046875001 0.2444196421875 1 0.26897321406249997 0.9851190484375 0.27455357187499996 0.9330357140625001 0.2712053578125 0.90029761875 0.23549107187499999 0.9136904765624999 0.20200892812500001 0.9300595234375001 0.1484375 0.9285714296875 0.109375 0.90625 0.094866071875 0.8913690484375 0.0959821421875 0.91220238125 0.100446428125 0.9523809515625