0 0.5595703125 0.1640625 0.5390625 0.1888020828125 0.53515625 0.22005208281250002 0.5498046875 0.2421875 0.58984375 0.24609375 0.6171875 0.23567708281250002 0.623046875 0.1783854171875 0.6103515625 0.1614583328125 0.5595703125 0.1640625
0 0.5498046875 0.2421875 0.5380859375 0.22395833281250002 0.53125 0.23046875 0.529296875 0.26171875 0.5361328125 0.2734375 0.5576171875 0.2890625 0.58203125 0.2877604171875 0.6142578125 0.2734375 0.6171875 0.24609375 0.5654296875 0.24739583281250002 0.5498046875 0.2421875
0 0.5556640625 0.2890625 0.533203125 0.2747395828125 0.533203125 0.2981770828125 0.5419921875 0.3125 0.58203125 0.3216145828125 0.615234375 0.30859375 0.6142578125 0.2760416671875 0.5810546875 0.2890625 0.5556640625 0.2890625
2 0.3017578125 0.3177083328125 0.2919921875 0.3020833328125 0.2783203125 0.3020833328125 0.25 0.3216145828125 0.251953125 0.3502604171875 0.27734375 0.3736979171875 0.2763671875 0.4010416671875 0.345703125 0.4075520828125 0.349609375 0.3606770828125 0.330078125 0.33984375 0.3330078125 0.3229166671875 0.3017578125 0.3177083328125
2 0.3095703125 0.7994791671875 0.2802734375 0.7838541671875 0.2470703125 0.7838541671875 0.2197265625 0.7942708328125 0.193359375 0.8268229171874999 0.1953125 0.87890625 0.2314453125 0.9140625 0.263671875 0.91796875 0.2919921875 0.9036458328125001 0.32421875 0.87109375 0.32421875 0.8268229171874999 0.3095703125 0.7994791671875
2 0.3193359375 0.8828125 0.2705078125 0.9192708328125001 0.2412109375 0.9192708328125001 0.1953125 0.88671875 0.201171875 0.9231770828125001 0.2197265625 0.9453125 0.2392578125 0.953125 0.271484375 0.9518229171874999 0.2958984375 0.9401041671874999 0.314453125 0.91796875 0.322265625 0.89453125 0.3193359375 0.8828125
2 0.48828125 0.8138020828125001 0.4736328125 0.7916666671875 0.4443359375 0.78125 0.4169921875 0.78125 0.3857421875 0.7994791671875 0.37109375 0.83203125 0.376953125 0.8763020828125001 0.3935546875 0.8958333328125001 0.4150390625 0.90625 0.443359375 0.9049479171874999 0.4716796875 0.8958333328125001 0.4921875 0.8736979171874999 0.494140625 0.8346354171874999 0.48828125 0.8138020828125001
0 0.642578125 0.7565104171875 0.6259765625 0.734375 0.5869140625 0.7135416671875 0.5517578125 0.7135416671875 0.5166015625 0.7317708328125 0.50390625 0.7513020828125 0.5 0.7903645828125 0.517578125 0.8372395828125001 0.5537109375 0.8515625 0.583984375 0.8528645828125001 0.6201171875 0.84375 0.646484375 0.8138020828125001 0.6484375 0.7825520828125 0.642578125 0.7565104171875
0 0.6025390625 0.8515625 0.5615234375 0.8541666671874999 0.5244140625 0.8411458328125001 0.517578125 0.8450520828125001 0.5185546875 0.8619791671874999 0.5478515625 0.8828125 0.5693359375 0.890625 0.61328125 0.8893229171874999 0.654296875 0.86328125 0.6513671875 0.8098958328125001 0.6220703125 0.84375 0.6025390625 0.8515625
0 0.6162109375 0.890625 0.5830078125 0.8932291671874999 0.5419921875 0.8802083328125001 0.5205078125 0.8515625 0.517578125 0.85546875 0.515625 0.8919270828125001 0.5322265625 0.9244791671874999 0.5634765625 0.9453125 0.607421875 0.9466145828125001 0.64453125 0.9153645828125001 0.654296875 0.8893229171874999 0.6513671875 0.8645833328125001 0.6162109375 0.890625
0 0.5673828125 0.9479166671874999 0.5361328125 0.9296875 0.5166015625 0.8958333328125001 0.509765625 0.8997395828125001 0.50390625 0.91796875 0.5078125 0.9622395828125001 0.5341796875 0.9973958328125001 0.62109375 0.99609375 0.642578125 0.96484375 0.6416015625 0.921875 0.6103515625 0.9479166671874999 0.5673828125 0.9479166671874999
0 0.5803571421875 0.3244047625 0.5479910718750001 0.31845238125 0.5334821421875 0.3035714296875 0.5279017859375 0.3244047625 0.5290178578125 0.34375 0.546875 0.36160714375 0.5758928578125 0.3630952375 0.6015625 0.3645833328125 0.6216517859375 0.3467261890625 0.6238839281249999 0.3229166671875 0.6216517859375 0.3050595234375 0.6015625 0.3199404765625 0.5803571421875 0.3244047625