2 0.530134375 0.67113125 0.477678125 0.6681541671875 0.430803125 0.6488104171875 0.40290156250000003 0.6294645828125 0.399553125 0.67261875 0.415178125 0.70089375 0.45535781249999996 0.7217270828125 0.48995468750000004 0.7306541671875 0.5669640625000001 0.7172625 0.594865625 0.7113104171875 0.6127234374999999 0.6785708328125 0.6149546875 0.6443458328125 0.6071421875 0.64136875 0.569196875 0.6547625 0.530134375 0.67113125
2 0.7209828125 0.5505958328125 0.727678125 0.5327375 0.7243296875 0.5014875 0.696428125 0.4791666671875 0.6662953125 0.4717270828125 0.6372765625000001 0.4702375 0.6049109374999999 0.47767916718750003 0.584821875 0.49256041718750004 0.584821875 0.5252979171875001 0.59375 0.5386895828125 0.6205359374999999 0.5595229171875 0.6540171875 0.5684520828124999 0.6986609374999999 0.5669645828125 0.7209828125 0.5505958328125
2 0.43192031249999996 0.3675604171875 0.4453125 0.3988104171875 0.47209843749999997 0.4122020828125 0.5256703125 0.4047625 0.5625 0.39136875 0.5625 0.36011875 0.5580359374999999 0.33779791718749996 0.5290171875 0.3363104171875 0.5022328125 0.3392854171875 0.467634375 0.3392854171875 0.46428593749999997 0.34077291718749997 0.44754531249999996 0.34375 0.43192031249999996 0.3675604171875
2 0.5803578125 0.47321458281249995 0.5803578125 0.4479166671875 0.5669640625000001 0.4345229171875 0.5446421875 0.45386875 0.5022328125 0.45089375 0.483259375 0.44493958281249996 0.467634375 0.44196458281249995 0.462053125 0.4583333328125 0.4609375 0.4583333328125 0.47321406250000003 0.48363125 0.5212046875 0.48511875 0.5625 0.48214375 0.5803578125 0.47321458281249995
2 0.5267859374999999 0.45089375 0.5569203125 0.44642916718750003 0.5758921875 0.4345229171875 0.5703125 0.4092270828125 0.5435265625000001 0.40178541718750005 0.530134375 0.4092270828125 0.484375 0.41071458281249995 0.47098281249999996 0.4092270828125 0.446428125 0.3988104171875 0.452009375 0.43303541718750005 0.462053125 0.44493958281249996 0.49665156250000003 0.45684583281249996 0.5267859374999999 0.45089375
1 0.1283484375 0.19345208281249998 0.178571875 0.1979166671875 0.204240625 0.57886875 0.13839218749999999 0.5848208328125 0.0412953125 0.6577375 0.1116078125 0.7395833328125 0.2912953125 0.7113104171875 0.329240625 0.6994041671875 0.3783484375 0.6145833328125 0.3649546875 0.5997020828124999 0.2912953125 0.5669645828125 0.233259375 0.57738125 0.21317031250000001 0.19493958281249998 0.2522328125 0.1904770828125 0.2064734375 0.1264875 0.16629531250000001 0.1264875 0.1283484375 0.19345208281249998
1 0.3314734375 0.6547625 0.3314734375 0.7098208328125 0.41741093749999997 0.7723208328125 0.46875 0.7916666671875 0.6462046875 0.7574395828125 0.6540171875 0.6532729171875 0.631696875 0.6324395828125 0.5189734374999999 0.6011895828125 0.5345984374999999 0.21577291718749997 0.579240625 0.20982083281250002 0.5334828125 0.1294645828125 0.49665156250000003 0.1220229171875 0.4453125 0.20386875 0.49776718750000004 0.21577291718749997 0.47879531249999996 0.5818458328125 0.3772328125 0.61160625 0.3314734375 0.6547625
1 0.546875 0.51785625 0.553571875 0.5520833328125 0.6060265625000001 0.5863104171875 0.7087046875 0.6011895828125 0.787946875 0.5729166671875 0.790178125 0.54761875 0.741071875 0.4970229171875 0.6774546875 0.4940479171875 0.6930796875 0.20833333281250002 0.725446875 0.20238125 0.694196875 0.14881041718750002 0.6662953125 0.14881041718750002 0.6283484374999999 0.20386875 0.6674109374999999 0.20089375 0.6540171875 0.49107083281249997 0.5803578125 0.49107083281249997 0.546875 0.51785625
1 0.475446875 0.5074395828125 0.5390625 0.51488125 0.6049109374999999 0.4970229171875 0.600446875 0.45982083281249997 0.5825890625000001 0.45238125 0.5412953125 0.4345229171875 0.540178125 0.21875 0.5736609374999999 0.2142854171875 0.53125 0.13839375 0.49776718750000004 0.13988125 0.459821875 0.1964291671875 0.493303125 0.2113104171875 0.48660781249999996 0.44642916718750003 0.485490625 0.4404770828125 0.436384375 0.4404770828125 0.422990625 0.4791666671875 0.43415156250000003 0.4985125 0.475446875 0.5074395828125
1 0.7946421875 0.46131041718750004 0.796875 0.5684520828124999 0.8627234375 0.5342270828125 0.8883921875 0.4672625 0.9984375 0.5535708328125 0.9984375 0.5074395828125 0.9140625 0.43006041718750004 0.9308031250000001 0.3839291671875 0.9285718749999999 0.3005958328125 0.8738843749999999 0.3244041671875 0.7946421875 0.46131041718750004
0 0.532365625 0.66964375 0.584821875 0.6473208328125 0.6171875 0.6175604171875 0.610490625 0.57886875 0.579240625 0.5282729171875 0.555803125 0.5238104171875 0.5334828125 0.5193458328125 0.49442031249999996 0.5089291671875 0.45089218750000004 0.5208333328125 0.407365625 0.5431541671875 0.3883921875 0.6011895828125 0.41964218750000004 0.6532729171875 0.48214218750000004 0.67410625 0.532365625 0.66964375
3 0.19140625 0.16171875 0.121875 0.0765625
3 0.5109375 0.17421875 0.10625 0.07421875
3 0.67421875 0.1796875 0.08125 0.05078125