0 0.4419015625 0.62153125 0.4300625 0.6102458328125 0.4100015625 0.6079916671875 0.3788609375 0.6104208328125 0.3664328125 0.6192375 0.3624046875 0.6327479171875 0.362184375 0.647475 0.370490625 0.6493208328125 0.369946875 0.6480937499999999 0.3872296875 0.65578125 0.423609375 0.6551958328125 0.44014218749999995 0.6453416671875 0.4419015625 0.62153125
0 0.4822671875 0.5945375 0.4774375 0.580525 0.46498125 0.57425625 0.43855625 0.5723333328125 0.4164734375 0.5826916671875 0.4138859375 0.5916020828125 0.41699843750000004 0.60441875 0.4408390625 0.6106020828125 0.4747265625 0.6098395828125 0.4822671875 0.5945375
0 0.6082875 0.6441145828125 0.6135421875 0.6376375000000001 0.61138125 0.62305625 0.6015078125 0.6121208328125001 0.593496875 0.6111708328125001 0.554096875 0.6091875 0.5388437500000001 0.6152291671875 0.53393125 0.6256020828125 0.5376203125 0.6444666671875 0.55970625 0.6484541671875 0.5980390625 0.65395 0.6082875 0.6441145828125
0 0.4740609375 0.514875 0.4657640625 0.5017958328125001 0.45459531249999996 0.4982645828125 0.44455625000000004 0.5025729171875 0.44420624999999997 0.514875 0.4537234375 0.5186041671875 0.45556093750000004 0.5262541671875 0.44353437500000004 0.5270875 0.43848281250000004 0.5211583328125 0.4342859375 0.5434791671875 0.4441453125 0.5514375 0.46025312500000004 0.5481541671875 0.47532031249999995 0.5280375 0.4740609375 0.514875
0 0.4626015625 0.49343333281249996 0.4562515625 0.4988208328125 0.46651406250000005 0.5030104171875001 0.47486875 0.5168979171875 0.47391875 0.5295416671875001 0.46471718749999996 0.54453125 0.471875 0.5443854171875 0.4838 0.5360041671875 0.48909843750000004 0.52525625 0.48921093750000005 0.5082875 0.4848171875 0.50219375 0.47355468749999996 0.493325 0.4626015625 0.49343333281249996
2 0.4761609375 0.5796083328125 0.4797921875 0.5860854171875001 0.48441875 0.5767916671875 0.4862796875 0.5657333328124999 0.4747734375 0.5583375 0.46493124999999996 0.55775 0.44469375 0.5591916671875 0.43631875000000003 0.5591916671875 0.429075 0.5644104171875 0.42580937499999993 0.5731916671875 0.4364328125 0.5726604171874999 0.46436875000000005 0.5715833328125 0.4761609375 0.5796083328125
2 0.3610875 0.5584458328124999 0.360040625 0.5904708328125 0.3922375 0.5864020828125 0.40143125 0.5760729171875 0.39260625 0.55723125 0.3610875 0.5584458328124999
2 0.1314203125 0.6679062499999999 0.1375109375 0.6500625 0.13290625 0.6347125 0.1231078125 0.6282125 0.07418749999999999 0.6319958328124999 0.0524296875 0.6410666671875 0.045664062500000005 0.6521770828125 0.0478609375 0.66535625 0.0572375 0.676675 0.07904531249999999 0.6785770828125 0.1063390625 0.67734375 0.1314203125 0.6679062499999999
2 0.05369375 0.6404875 0.065384375 0.6341145828125 0.0859078125 0.6284333328125 0.0826984375 0.6130625000000001 0.07229218750000001 0.6070916671875 0.057153125000000006 0.6076645828125 0.03399375 0.6128708328125 0.008240625 0.6220791671875 0.00425 0.6336062499999999 0.006578125 0.6462604171875 0.0251078125 0.6507083328125 0.04295625 0.6544770828125 0.04623125 0.65165 0.05369375 0.6404875
2 0.0722984375 0.7658416671875 0.09221718749999999 0.7673666671875 0.131471875 0.7652770828125 0.1692421875 0.7485979171875 0.17335781249999999 0.7239104171874999 0.1647 0.70415 0.1461546875 0.6967520828125 0.12131406250000001 0.6990229171875 0.091734375 0.7023666671875 0.0710078125 0.71295625 0.0582765625 0.7194520828125001 0.0581265625 0.7485604171875 0.0722984375 0.7658416671875
0 0.039034374999999996 0.9328270828124999 0.07455937500000001 0.909175 0.08812031249999999 0.8803333328124999 0.08717343749999999 0.8582479171875 0.080425 0.8399104171875 0.06465937499999999 0.8308291671875001 0.0455984375 0.8252145828125 0.0235609375 0.8252499999999999 0.000784375 0.8290791671875001 0.00066875 0.8307375 0.0010343750000000001 0.9445895828124999 0.039034374999999996 0.9328270828124999
1 0.43053125000000003 0.45799791718750005 0.40800156249999997 0.45674583281250003 0.3837390625 0.5028937499999999 0.3891734375 0.5529479171875 0.415284375 0.5611145828125 0.4349125 0.5330812500000001 0.43951250000000003 0.52058125 0.453509375 0.52883125 0.4557640625 0.520025 0.441878125 0.5147041671875 0.4358515625 0.4639125 0.43053125000000003 0.45799791718750005
1 0.2807015625 0.6266020828125 0.22875312499999997 0.6187583328125 0.22062343750000002 0.45499166718749995 0.2373734375 0.4507541671875 0.22176875 0.42788750000000003 0.20971406250000002 0.42730416718750003 0.1915625 0.45217916718750006 0.20634999999999998 0.4531041671875 0.2119234375 0.6244520828125 0.1717078125 0.6231145828125 0.1475078125 0.6496625 0.189190625 0.6684125 0.262821875 0.6583145828125 0.28261875000000003 0.6327333328125 0.2807015625 0.6266020828125
3 0.21328125 0.440625 0.04375 0.02890625
3 0.7328125 0.21015625 0.05390625 0.0359375