1 0 0.9925604171875 0.0357140625 0.9940479171875 0.0435265625 0.9360125 0.0100453125 0.9092270828125001 0 0.9077375 0 0.9925604171875
1 0.3069203125 0.6235125 0.3794640625 0.6532729171875 0.540178125 0.6220229171875 0.555803125 0.5505958328125 0.524553125 0.5327375 0.446428125 0.5193458328125 0.430803125 0.20535625 0.46540156250000003 0.20238125 0.422990625 0.13095208281249998 0.3928578125 0.1354166671875 0.360490625 0.19345208281249998 0.40067031249999996 0.20386875 0.40067031249999996 0.53125 0.3325890625 0.5342270828125 0.28125 0.5848208328125 0.3069203125 0.6235125
1 0.454240625 0.48511875 0.48102656250000003 0.5074395828125 0.5290171875 0.5223208328125 0.6138390625000001 0.5014875 0.6116078125 0.46131041718750004 0.53125 0.4479166671875 0.540178125 0.20684583281250002 0.5669640625000001 0.1994041671875 0.545759375 0.1517854171875 0.5200890625000001 0.1517854171875 0.491071875 0.19345208281249998 0.515625 0.20238125 0.5033484374999999 0.4360125 0.44307968750000004 0.4404770828125 0.454240625 0.48511875
1 0.6149546875 0.5967270828125 0.6506703125 0.6130958328125 0.7700890625000001 0.59375 0.7712046875 0.5401791671875 0.7633921875 0.5193458328125 0.6741078125 0.49256041718750004 0.6897328125 0.20833333281250002 0.7243296875 0.20833333281250002 0.6930796875 0.1458333328125 0.6595984374999999 0.1473208328125 0.6294640625000001 0.1919645828125 0.6674109374999999 0.2142854171875 0.6517859374999999 0.5029770828125 0.592634375 0.5 0.5580359374999999 0.5119041671875 0.5435265625000001 0.5386895828125 0.6149546875 0.5967270828125
1 0.8582593749999999 0.33035625 0.7890625 0.4702375 0.795759375 0.5520833328125 0.8169640625 0.5714291671875 0.8649546875 0.5282729171875 0.8850453125 0.4672625 0.9984375 0.5416666671875 0.9984375 0.5059520828124999 0.9162953125 0.42857083281249997 0.9296875 0.3794645828125 0.9285718749999999 0.3005958328125 0.9095984375 0.29910625 0.8582593749999999 0.33035625
2 0.453125 0.38839375 0.48772343749999997 0.3988104171875 0.53125 0.4077375 0.5658484374999999 0.38839375 0.5658484374999999 0.36160625 0.5513390625000001 0.34077291718749997 0.49442031249999996 0.33035625 0.45870468750000004 0.34077291718749997 0.4375 0.36904791718749996 0.453125 0.38839375
2 0.5033484374999999 0.45684583281249996 0.547990625 0.45684583281249996 0.578125 0.4404770828125 0.5814734374999999 0.42113125 0.5758921875 0.39285625 0.5680796875 0.38839375 0.537946875 0.3958333328125 0.516740625 0.4032729171875 0.49665156250000003 0.4032729171875 0.501115625 0.42559583281249996 0.498884375 0.44642916718750003 0.5033484374999999 0.45684583281249996
2 0.5736609374999999 0.44493958281249996 0.5625 0.44642916718750003 0.5412953125 0.45238125 0.506696875 0.44642916718750003 0.49553593749999997 0.45386875 0.48883906250000003 0.47321458281249995 0.491071875 0.48809583281249996 0.524553125 0.4940479171875 0.5825890625000001 0.4747020828125 0.579240625 0.45238125 0.5736609374999999 0.44493958281249996
2 0.47321406250000003 0.48065416718750004 0.5044640625000001 0.4627979171875 0.5055796875 0.42857083281249997 0.49776718750000004 0.3988104171875 0.47209843749999997 0.3839291671875 0.45089218750000004 0.3839291671875 0.422990625 0.38095208281250004 0.3872765625 0.38095208281250004 0.3694203125 0.3869041671875 0.3359375 0.40625 0.3258921875 0.4389875 0.342634375 0.47321458281249995 0.373884375 0.48660625 0.41964218750000004 0.4940479171875 0.444196875 0.49107083281249997 0.47321406250000003 0.48065416718750004
2 0.352678125 0.5833333328125 0.375 0.5967270828125 0.3962046875 0.6011895828125 0.42745468750000004 0.6026791671875 0.454240625 0.5952375 0.491071875 0.5818458328125 0.5100453125 0.5669645828125 0.5100453125 0.54613125 0.5033484374999999 0.5223208328125 0.483259375 0.51636875 0.462053125 0.53125 0.43526718750000004 0.54464375 0.3950890625 0.54613125 0.3537953125 0.5342270828125 0.3359375 0.54761875 0.3392859375 0.5669645828125 0.352678125 0.5833333328125
0 0.3794640625 0.5357145828125 0.44196406250000003 0.5416666671875 0.467634375 0.5372020828124999 0.48660781249999996 0.51488125 0.49553593749999997 0.48809583281249996 0.48772343749999997 0.4702375 0.46540156250000003 0.4895833328125 0.43192031249999996 0.48511875 0.399553125 0.48511875 0.3772328125 0.48660625 0.3571421875 0.4747020828125 0.329240625 0.4702375 0.3236609375 0.49256041718750004 0.3337046875 0.5238104171875 0.3459828125 0.5297625 0.3794640625 0.5357145828125
3 0.67578125 0.18125 0.08125 0.06171875
3 0.52890625 0.175 0.06640625 0.04609375
3 0.4125 0.1703125 0.0875 0.06640625