0 0.8348218749999999 0.6369041671875 0.7890625 0.6309520828124999 0.7689734374999999 0.6264875 0.7421875 0.6145833328125 0.7444203125 0.5982145828125 0.694196875 0.59375 0.6696421875 0.6264875 0.678571875 0.65625 0.758928125 0.6979166671875 0.8180796875 0.7127979171875001 0.8660718749999999 0.70089375 0.8727671875 0.6681541671875 0.8426343749999999 0.6354166671875 0.8348218749999999 0.6369041671875
2 0.7444203125 0.76785625 0.8091515625 0.7857145828125 0.8537953125 0.7752979171875001 0.859375 0.7425604171875 0.8504468749999999 0.7172625 0.8426343749999999 0.7261895828125 0.6830359374999999 0.67410625 0.6607140625000001 0.6979166671875 0.6774546875 0.7380958328125 0.7444203125 0.76785625
2 0.7388390625000001 0.85714375 0.8069203125 0.85863125 0.8303578125 0.8377979171875 0.8258921875 0.7916666671875 0.7522328125 0.7842270828125 0.6953125 0.7485125 0.6696421875 0.7306541671875 0.6450890625000001 0.7470229171875 0.640625 0.7827375 0.6696421875 0.8229166671874999 0.7388390625000001 0.85714375
0 0.7834828125 0.9315479171875 0.8136156250000001 0.9092270828125001 0.8180796875 0.8675604171875 0.8058031250000001 0.8630958328125 0.7466515625000001 0.8809520828125 0.6796875 0.8392854171874999 0.640625 0.8080354171874999 0.6328125 0.8511895828125 0.662946875 0.8988104171875 0.7154015625000001 0.9255958328125 0.7834828125 0.9315479171875
2 0.8091515625 0.98214375 0.8214281250000001 0.95238125 0.8102671875 0.92113125 0.772321875 0.9464291671874999 0.734375 0.9345229171874999 0.688615625 0.9181541671875 0.6462046875 0.8854166671874999 0.6372765625000001 0.875 0.6283484374999999 0.9181541671875 0.670759375 0.9732145828125001 0.751115625 0.9940479171875 0.8091515625 0.98214375
2 0.647321875 0.9598208328125001 0.6328125 0.9776791671874999 0.6439734374999999 0.9979166671874999 0.702009375 0.9979166671874999 0.647321875 0.9598208328125001
2 0.8716515625 0.98363125 0.8214281250000001 0.9979166671874999 0.859375 0.9979166671874999 0.9229906250000001 0.9979166671874999 0.8716515625 0.98363125
2 0.8939734375 0.8050604171875 0.9185265625 0.8139875 0.9408484375 0.8095229171874999 0.9252234375 0.7619041671875 0.8872765625 0.7395833328125 0.8660718749999999 0.8169645828125001 0.8772328125 0.8229166671874999 0.8939734375 0.8050604171875
0 0.9676343749999999 0.8065479171875 0.9966515625 0.8050604171875 0.9910718749999999 0.7842270828125 0.9508921875 0.7619041671875 0.9319203125 0.7738104171875 0.9363843749999999 0.7916666671875 0.9676343749999999 0.8065479171875
0 0.9453125 0.8794645828125001 0.9553578125 0.8630958328125 0.9966515625 0.875 0.9787953125 0.8541666671874999 0.9441968749999999 0.82589375 0.9029015625 0.8169645828125001 0.8805796875 0.8214291671874999 0.8861609375 0.8660708328125001 0.9285718749999999 0.8839291671874999 0.9453125 0.8794645828125001
0 0.9419640625 0.8809520828125 0.9720984375 0.8839291671874999 0.9984375 0.89285625 0.9977671875 0.8794645828125001 0.953125 0.8705354171874999 0.9419640625 0.8809520828125
0 0.9977671875 0.9419645828125001 0.9754468749999999 0.9300604171875 0.9330359375 0.9330354171874999 0.9129468749999999 0.95535625 0.9274546875 0.9940479171875 0.9821421875 0.9940479171875 0.9984375 0.9940479171875 0.9977671875 0.9419645828125001
2 0.9966515625 0.9017854171874999 0.9620531250000001 0.8854166671874999 0.9207593749999999 0.89136875 0.9084828125 0.9122020828125 0.9095984375 0.9330354171874999 0.9296875 0.9181541671875 0.9984375 0.9285708328125001 0.9966515625 0.9017854171874999
2 0.9709828125 0.8125 0.9464281250000001 0.8154770828125001 0.9921875 0.86160625 0.9984375 0.8511895828125 0.9955359375 0.82886875 0.9709828125 0.8125
1 0.809375 0.6402770828125 0.840625 0.6402770828125 0.8135421875000001 0.5680562499999999 0.775 0.5652770828125 0.7427078125000001 0.6194437500000001 0.7739578125000001 0.6263895828125 0.7145828125 0.9333333328125001 0.6541671874999999 0.925 0.621875 0.9444437499999999 0.5677078125 0.9763895828125 0.5791671875 0.9972229171875 0.5927078125 0.9979166671874999 0.7572921874999999 0.9979166671874999 0.809375 0.6402770828125
3 0.6421875 0.33984375 0.0234375 0.0203125
3 0.7875 0.60078125 0.0921875 0.071875