2 0.2453125 0.3604166671875 0.240625 0.3604166671875 0.240625 0.3625 0.2375 0.3625 0.2375 0.3645833328125 0.234375 0.3645833328125 0.234375 0.36875 0.2359375 0.36875 0.2359375 0.3708333328125 0.2390625 0.3708333328125 0.2390625 0.3729166671875 0.24375 0.3729166671875 0.24375 0.375 0.246875 0.375 0.2484375 0.3791666671875 0.25 0.3791666671875 0.25 0.38333333281250004 0.2515625 0.38333333281250004 0.2515625 0.3854166671875 0.2640625 0.3854166671875 0.2640625 0.38333333281250004 0.271875 0.38333333281250004 0.271875 0.38125 0.2796875 0.38125 0.2796875 0.3791666671875 0.2828125 0.3791666671875 0.284375 0.375 0.2859375 0.375 0.2859375 0.3645833328125 0.2828125 0.3625 0.2828125 0.3604166671875 0.28125 0.3604166671875 0.28125 0.3583333328125 0.2765625 0.3583333328125 0.2765625 0.35625 0.25625 0.35625 0.25625 0.3583333328125 0.2453125 0.3583333328125 0.2453125 0.3604166671875
2 0.696875 0.30416666718749996 0.6953125 0.30416666718749996 0.6953125 0.3125 0.69375 0.3125 0.6921875 0.325 0.6890625 0.3270833328125 0.6890625 0.3333333328125 0.6875 0.3333333328125 0.6875 0.3375 0.6859375 0.3375 0.6859375 0.3416666671875 0.684375 0.3416666671875 0.684375 0.3458333328125 0.68125 0.3479166671875 0.68125 0.3541666671875 0.6796875 0.3541666671875 0.6796875 0.3583333328125 0.68125 0.3583333328125 0.68125 0.3625 0.690625 0.3625 0.690625 0.3604166671875 0.696875 0.3604166671875 0.696875 0.3583333328125 0.7 0.3583333328125 0.7 0.35625 0.7015625 0.35625 0.7015625 0.35208333281250004 0.703125 0.35208333281250004 0.703125 0.3479166671875 0.7046875 0.3479166671875 0.7046875 0.34375 0.70625 0.34375 0.70625 0.3395833328125 0.7078125 0.3395833328125 0.7078125 0.33541666718749996 0.709375 0.33541666718749996 0.709375 0.33125 0.7109375 0.33125 0.7125 0.3125 0.7140625 0.3125 0.7140625 0.2958333328125 0.7125 0.2958333328125 0.7125 0.2916666671875 0.7078125 0.2875 0.7078125 0.2854166671875 0.70625 0.2854166671875 0.70625 0.2833333328125 0.7046875 0.2833333328125 0.7046875 0.28125 0.6984375 0.28125 0.6984375 0.2833333328125 0.696875 0.2833333328125 0.696875 0.30416666718749996
2 0.7610296875 0.376225 0.7541359375 0.3835791671875 0.7573531250000001 0.3952208328125 0.7633265625 0.4056375 0.7794125000000001 0.4080875 0.7899812500000001 0.40869999999999995 0.7996328125 0.4056375 0.8046875 0.3982833328125 0.8120406250000001 0.38909375 0.82123125 0.3872541671875 0.8382359375 0.3823520828125 0.8322609375000001 0.3743875 0.82720625 0.37009791718749996 0.80376875 0.3645833328125 0.7881437499999999 0.3658083328125 0.7706796875 0.3688729171875 0.7610296875 0.376225
2 0.7568937499999999 0.3529416671875 0.7582718749999999 0.3639708328125 0.7628671875 0.37009791718749996 0.7734375 0.3694854171875 0.7794125000000001 0.3676479171875 0.7872250000000001 0.3664208328125 0.7977937500000001 0.3658083328125 0.8060656249999999 0.3658083328125 0.8143375 0.3651958328125 0.8207718749999999 0.36151875 0.8226109375 0.35539166718750004 0.8226109375 0.3517166671875 0.81939375 0.3455875 0.8147984375 0.3419125 0.8083640624999999 0.33946041718750003 0.8010109375000001 0.3363979171875 0.7830874999999999 0.3376229171875 0.7725187499999999 0.3406854171875 0.7628671875 0.342525 0.7568937499999999 0.3529416671875
2 0.82904375 0.45343125000000006 0.8331796875 0.4730395828125 0.8423718750000001 0.48284374999999996 0.8556984375000001 0.48223125 0.8704046875 0.4791666671875 0.8860296875 0.4791666671875 0.9016546875 0.48039166718750004 0.9181984375000001 0.4816166671875 0.931525 0.48345625 0.9347421875 0.4791666671875 0.9342828125 0.47181458281250005 0.92785 0.46875 0.9172796875 0.45955833281249997 0.9154406249999999 0.45343125000000006 0.9136031250000001 0.4436270828125 0.9126843750000001 0.4307604171875 0.8814343750000001 0.42769583281249995 0.8575375 0.4307604171875 0.8373156249999999 0.438725 0.82904375 0.45343125000000006
2 0.9581796875 0.41115208281250004 0.9439343750000001 0.4105395828125 0.9310656249999999 0.4105395828125 0.92279375 0.41544166718750003 0.9163609375 0.42585833281249996 0.9168203125 0.4381125 0.9195765625 0.45465625000000004 0.9292281250000001 0.4681375 0.93658125 0.47365208281250004 0.9476109375 0.47794166718750003 0.96875 0.4895833328125 0.98529375 0.5006125 0.9984375 0.5018374999999999 0.9984375 0.4319854171875 0.9917281250000001 0.42585833281249996 0.9862125 0.42279375 0.9715078125 0.41605416718750005 0.9581796875 0.41115208281250004
2 0.9784 0.3823520828125 0.9701281249999999 0.39460833281249996 0.9761031250000001 0.40625 0.98529375 0.4129895828125 0.9984375 0.41973125 0.9984375 0.3719354171875 0.9935656249999999 0.3743875 0.9866734375 0.3768375 0.9784 0.3823520828125
2 0.96783125 0.32904374999999997 0.974725 0.3351708328125 0.9866734375 0.33946041718750003 0.9954046875 0.3413 0.9984375 0.3419125 0.9981625 0.30085833281249996 0.98345625 0.3039208328125 0.9673718750000001 0.31005 0.9613968749999999 0.31740208281250004 0.96783125 0.32904374999999997
2 0.9581796875 0.32781875 0.94715 0.32720625000000003 0.9397984375 0.33210833281249996 0.9347421875 0.33946041718750003 0.9397984375 0.3443625 0.9480703125 0.3474270828125 0.9623156249999999 0.3541666671875 0.9742640625 0.35968125 0.9820765625 0.3670333328125 0.9839156250000001 0.37255 0.9875921875 0.3731625 0.9949453125 0.37255 0.9984375 0.3719354171875 0.9984375 0.344975 0.9839156250000001 0.3382354171875 0.9715078125 0.3345583328125 0.9581796875 0.32781875
0 0.84375 0.4877458328125 0.8322609375000001 0.4957104171875 0.8216906249999999 0.5085791671875 0.8244484375000001 0.5220583328124999 0.8341 0.5373770828125 0.8478859375000001 0.5465687499999999 0.8616734375 0.54901875 0.8851109375 0.5569854171874999 0.9113046875 0.5569854171874999 0.9269296875 0.5539208328125 0.9388781249999999 0.5477937500000001 0.9466906249999999 0.5398291671875 0.95404375 0.5288 0.95404375 0.5165437500000001 0.9512875 0.5067395828125 0.9430140625 0.49693541718749995 0.9301468749999999 0.48835833281249996 0.9140625 0.48345625 0.8910843749999999 0.48223125 0.869025 0.48345625 0.84375 0.4877458328125
0 0.8727015625 0.407475 0.8616734375 0.40625 0.84375 0.405025 0.82904375 0.4056375 0.8106625 0.40869999999999995 0.8014703125 0.4105395828125 0.7913609375 0.41482916718749996 0.7881437499999999 0.42892083281250004 0.7950375000000001 0.44240208281250004 0.8023890625 0.4479166671875 0.8161765624999999 0.45343125000000006 0.8276656250000001 0.4583333328125 0.8299625 0.45465625000000004 0.8354781250000001 0.44056458281250005 0.8511031250000001 0.4313729171875 0.8699453125 0.4264708328125 0.8878671875 0.4264708328125 0.8855703125 0.4172791671875 0.8800546875 0.4123770828125 0.8727015625 0.407475
0 0.8313421875 0.3835791671875 0.82123125 0.3860291671875 0.8129593749999999 0.38970625000000003 0.8033093750000001 0.39215625 0.796875 0.3982833328125 0.7959562499999999 0.40869999999999995 0.7991734375 0.41115208281250004 0.8097421875 0.407475 0.8216906249999999 0.4056375 0.8341 0.405025 0.8432906250000001 0.405025 0.8520218749999999 0.405025 0.8625921875 0.407475 0.869025 0.40931458281250005 0.8800546875 0.4099270828125 0.88189375 0.40625 0.8841906249999999 0.3982833328125 0.875 0.38664166718750004 0.86029375 0.3841916671875 0.8483453125 0.3835791671875 0.8313421875 0.3835791671875
0 0.92095625 0.3933833328125 0.90716875 0.39460833281249996 0.8956796875 0.3976708328125 0.890625 0.4025729171875 0.8828125 0.40869999999999995 0.8814343750000001 0.41482916718749996 0.88970625 0.42156874999999994 0.8966 0.4313729171875 0.9090078125 0.43259791718749996 0.9163609375 0.4313729171875 0.91498125 0.4172791671875 0.9260109375000001 0.407475 0.94623125 0.4080875 0.9581796875 0.4117645828125 0.96783125 0.41421666718749994 0.9770218749999999 0.4129895828125 0.9788609375 0.4056375 0.9701281249999999 0.3982833328125 0.9517468750000001 0.3958333328125 0.9375 0.3933833328125 0.92095625 0.3933833328125
0 0.900275 0.37928958281249997 0.9034921875 0.39154374999999997 0.9145218749999999 0.3939958328125 0.9273890625 0.39276875 0.9388781249999999 0.39276875 0.9526656250000001 0.3933833328125 0.9604781250000001 0.3958333328125 0.9669125 0.3964458328125 0.9724265624999999 0.3952208328125 0.9761031250000001 0.3878666671875 0.9770218749999999 0.3848041671875 0.9811578125 0.37990208281250004 0.984375 0.3743875 0.9816171875 0.3676479171875 0.9770218749999999 0.36335833281249996 0.9636953125 0.36029374999999997 0.9568015624999999 0.35968125 0.9503671875 0.35845625000000003 0.9420953125 0.35845625000000003 0.9241734375 0.35784375 0.9108453125 0.3627458328125 0.9030328125 0.3688729171875 0.900275 0.37928958281249997
0 0.7545953125 0.3511020828125 0.756434375 0.34865208281250004 0.7619484375 0.3419125 0.7660843749999999 0.3363979171875 0.7697609375 0.3314958328125 0.7757359375 0.3198520828125 0.7784921875 0.311275 0.7780328125 0.30085833281249996 0.7743562500000001 0.2922791671875 0.765625 0.2886020828125 0.7522984375 0.29595625000000003 0.751378125 0.3235291671875 0.7504593749999999 0.33946041718750003 0.751378125 0.3492645828125 0.7545953125 0.3511020828125
0 0.712315625 0.31740208281250004 0.7049624999999999 0.3376229171875 0.701746875 0.35845625000000003 0.7192093749999999 0.34375 0.720128125 0.29289166718750004 0.71875 0.282475 0.7127749999999999 0.2837 0.709559375 0.2904416671875 0.7127749999999999 0.3057604171875 0.712315625 0.31740208281250004
0 0.35 0.3883333328125 0.36375 0.3883333328125 0.375625 0.3858333328125 0.383125 0.38333333281250004 0.388125 0.38 0.390625 0.3716666671875 0.39 0.36583333281249997 0.384375 0.3625 0.3775 0.3625 0.366875 0.3641666671875 0.348125 0.3691666671875 0.339375 0.3741666671875 0.33875 0.38333333281250004 0.35 0.3883333328125
1 0.6599999999999999 0.2625 0.655 0.2875 0.6481250000000001 0.305 0.6481250000000001 0.3258333328125 0.65125 0.34249999999999997 0.65 0.3625 0.6637500000000001 0.3675 0.6743750000000001 0.37 0.680625 0.3566666671875 0.686875 0.3366666671875 0.6925 0.32166666718750003 0.7725 0.3433333328125 0.775625 0.325 0.6950000000000001 0.3025 0.694375 0.2608333328125 0.6825 0.24500000000000002 0.671875 0.24416666718750002 0.6599999999999999 0.2625
4 0.70625 0.15546875 0.015625 0.0171875
3 0.01171875 0.04765625 0.0234375 0.03203125