0 0.5734375 0.63359375 0.08125 0.04765625
0 0.4015625 0.63515625 0.0828125 0.04765625
2 0.38046875 0.57109375 0.04609375 0.03203125
0 0.04765625 0.88671875 0.0890625 0.1203125
2 0.05625 0.7583333328124999 0.078125 0.775 0.1203125 0.775 0.1578125 0.7625 0.175 0.7479166671875 0.16875 0.7083333328125 0.125 0.6979166671875 0.0640625 0.7166666671875 0.053125 0.73125 0.05625 0.7583333328124999
2 0.053125 0.6791666671875001 0.0921875 0.68125 0.1375 0.6666666671875 0.1390625 0.6479166671875001 0.1328125 0.6333333328124999 0.084375 0.6291666671875 0.046875 0.6458333328125 0.0453125 0.6645833328124999 0.053125 0.6791666671875001
2 0.003125 0.64375 0.0109375 0.6520833328125 0.0421875 0.6520833328125 0.0625 0.6333333328124999 0.0859375 0.6291666671875 0.08125 0.6125 0.05 0.6083333328125 0.009375 0.61875 0.003125 0.6270833328125 0.003125 0.64375
1 0.42534687499999996 0.6145833328125 0.4279515625 0.5879624999999999 0.34375 0.5682875000000001 0.315971875 0.4988416671875 0.2864578125 0.5081020828125 0.2630203125 0.574075 0.2604171875 0.6377312500000001 0.292534375 0.6516208328124999 0.3203125 0.5879624999999999 0.38368125000000003 0.6099541671875001 0.42534687499999996 0.6145833328125
1 0.43055625 0.45601875 0.4045140625 0.5127312500000001 0.42534687499999996 0.5520833328125 0.44444375 0.5451395828125001 0.4557296875 0.5625 0.4713546875 0.5590270828125 0.4739578125 0.5358791671875001 0.4904515625 0.4953708328125 0.4765625 0.4583333328125 0.43055625 0.45601875
2 0.22569374999999997 0.53819375 0.203125 0.49305625 0.19097187499999999 0.50694375 0.2109375 0.5659729171875 0.2291671875 0.5590270828125 0.22569374999999997 0.53819375
2 0.4904515625 0.5775458328124999 0.4895828125 0.5613416671875 0.43402812500000004 0.5590270828125 0.4279515625 0.574075 0.48090312500000004 0.5856479171875 0.4904515625 0.5775458328124999
0 0.48026093750000004 0.5752312500000001 0.43165 0.5729166671875 0.41776093750000004 0.582175 0.427309375 0.6018520828125 0.4524828125 0.6111104171874999 0.474184375 0.6018520828125 0.47939218749999996 0.5879624999999999 0.48026093750000004 0.5752312500000001
0 0.43251718749999996 0.5023145828125 0.426440625 0.53125 0.47678750000000003 0.5277770828125 0.48026093750000004 0.5081020828125 0.43251718749999996 0.5023145828125
0 0.4759203125 0.5231479171875 0.42210000000000003 0.53819375 0.42557343750000004 0.5590270828125 0.47765625 0.5462958328124999 0.4759203125 0.5231479171875
3 0.73203125 0.2109375 0.0515625 0.034375