0 0.6123046875 0.7447916671875 0.5751953125 0.7265625 0.5361328125 0.7265625 0.5029296875 0.7473958328125 0.490234375 0.7721354171875 0.48828125 0.7981770828125 0.50390625 0.8450520828125001 0.5478515625 0.8671875 0.578125 0.8658854171874999 0.6103515625 0.8541666671874999 0.638671875 0.8190104171874999 0.630859375 0.7669270828125 0.6123046875 0.7447916671875
0 0.5380859375 0.109375 0.4951171875 0.1067708328125 0.4697265625 0.1197916671875 0.458984375 0.1341145828125 0.455078125 0.16796875 0.462890625 0.18359375 0.4736328125 0.1927083328125 0.501953125 0.1940104171875 0.5302734375 0.1901041671875 0.541015625 0.1809895828125 0.544921875 0.1263020828125 0.5380859375 0.109375
0 0.4775390625 0.1953125 0.4560546875 0.1770833328125 0.451171875 0.1888020828125 0.453125 0.22526041718749998 0.4677734375 0.23958333281250002 0.49609375 0.24088541718749998 0.5322265625 0.2265625 0.5390625 0.21744791718749998 0.5390625 0.1940104171875 0.4775390625 0.1953125
2 0.2861328125 0.8020833328125001 0.2275390625 0.8020833328125001 0.2099609375 0.8098958328125001 0.185546875 0.8424479171874999 0.185546875 0.90234375 0.2216796875 0.9296875 0.248046875 0.9309895828125001 0.2802734375 0.9192708328125001 0.3125 0.88671875 0.314453125 0.8450520828125001 0.2861328125 0.8020833328125001
2 0.2548828125 0.9322916671874999 0.2255859375 0.9322916671874999 0.2001953125 0.9114583328125001 0.185546875 0.91015625 0.1875 0.9388020828125001 0.2060546875 0.9583333328125001 0.2275390625 0.96875 0.25390625 0.9674479171874999 0.2900390625 0.9479166671874999 0.30859375 0.9205729171874999 0.3125 0.8971354171874999 0.2548828125 0.9322916671874999
2 0.486328125 0.8372395828125001 0.4697265625 0.8098958328125001 0.4404296875 0.7942708328125 0.4130859375 0.7916666671875 0.3818359375 0.8046875 0.359375 0.8502604171874999 0.369140625 0.8971354171874999 0.4033203125 0.9192708328125001 0.4296875 0.9205729171874999 0.4580078125 0.9114583328125001 0.4765625 0.8919270828125001 0.486328125 0.87109375 0.486328125 0.8372395828125001
2 0.2724609375 0.2890625 0.25390625 0.29296875 0.251953125 0.3190104171875 0.27734375 0.3528645828125 0.2802734375 0.3723958328125 0.34765625 0.3841145828125 0.357421875 0.3658854171875 0.357421875 0.3424479171875 0.3466796875 0.3229166671875 0.2724609375 0.2890625
0 0.6279296875 0.8385416671874999 0.5888671875 0.8645833328125001 0.5458984375 0.8671875 0.5087890625 0.8489583328125001 0.50390625 0.85546875 0.5068359375 0.8723958328125001 0.5361328125 0.8958333328125001 0.5595703125 0.9036458328125001 0.59765625 0.90234375 0.640625 0.8763020828125001 0.642578125 0.83203125 0.6357421875 0.8203125 0.6279296875 0.8385416671874999
0 0.6396484375 0.8776041671874999 0.6025390625 0.9036458328125001 0.5673828125 0.90625 0.5400390625 0.8984375 0.5087890625 0.8645833328125001 0.505859375 0.8684895828125001 0.50390625 0.90234375 0.5166015625 0.9322916671874999 0.5419921875 0.953125 0.58984375 0.9596354171874999 0.6142578125 0.9479166671874999 0.6328125 0.9283854171874999 0.642578125 0.8971354171874999 0.6396484375 0.8776041671874999
0 0.6005859375 0.9583333328125001 0.5615234375 0.9609375 0.5302734375 0.9479166671874999 0.5029296875 0.90625 0.498046875 0.9127604171874999 0.4921875 0.9544270828125001 0.498046875 0.9778645828125001 0.5107421875 0.9947916671874999 0.611328125 0.9986979171874999 0.6201171875 0.9973958328125001 0.6328125 0.97265625 0.6318359375 0.9348958328125001 0.6005859375 0.9583333328125001
0 0.45535714218749995 0.2336309515625 0.4453125 0.2514880953125 0.44977678593750003 0.2619047625 0.46540178593750003 0.27529761875 0.485491071875 0.2782738109375 0.5122767859375 0.27529761875 0.5357142859375 0.2723214296875 0.5424107140625 0.2619047625 0.5446428578125 0.23958333281250002 0.5401785718750001 0.2306547625 0.5044642859375 0.2380952375 0.477678571875 0.2410714296875 0.46540178593750003 0.2380952375 0.45535714218749995 0.2336309515625
0 0.5457589281249999 0.2797619046875 0.5279017859375 0.2738095234375 0.5089285718750001 0.27529761875 0.48995535781250005 0.2797619046875 0.4765625 0.28571428593750003 0.46316964218749995 0.28571428593750003 0.4765625 0.3050595234375 0.48883928593750003 0.3154761890625 0.5178571421875 0.31696428593750003 0.5390625 0.3110119046875 0.5502232140625 0.3005952375 0.5457589281249999 0.2797619046875
2 0.8348214281249999 0.29464285625 0.8292410718750001 0.28125 0.8113839281249999 0.2723214296875 0.8024553578125 0.2723214296875 0.7712053578125 0.27678571406249997 0.7589285718750001 0.2797619046875 0.7611607140625 0.30803571406249997 0.7901785718750001 0.3214285703125 0.8236607140625001 0.32589285625 0.8370535718750001 0.31696428593750003 0.8348214281249999 0.29464285625