2 0.408203125 0.7565104171875 0.3896484375 0.7369791671875 0.3662109375 0.7291666671875 0.3310546875 0.7317708328125 0.3076171875 0.7447916671875 0.291015625 0.7799479171875 0.291015625 0.8033854171874999 0.30078125 0.8294270828125001 0.3134765625 0.84375 0.3349609375 0.8515625 0.369140625 0.8502604171874999 0.3935546875 0.8385416671874999 0.408203125 0.8190104171874999 0.4140625 0.80078125 0.408203125 0.7565104171875
2 0.236328125 0.7669270828125 0.2119140625 0.7473958328125 0.1904296875 0.7421875 0.1630859375 0.7473958328125 0.1318359375 0.765625 0.1171875 0.7877604171875 0.111328125 0.81640625 0.1171875 0.8450520828125001 0.1357421875 0.8671875 0.1533203125 0.8776041671874999 0.185546875 0.8763020828125001 0.2099609375 0.8645833328125001 0.2421875 0.82421875 0.2421875 0.78515625 0.236328125 0.7669270828125
2 0.2412109375 0.328125 0.2275390625 0.3229166671875 0.2041015625 0.3463541671875 0.1767578125 0.328125 0.1572265625 0.3307291671875 0.1484375 0.33984375 0.146484375 0.36328125 0.1572265625 0.3802083328125 0.1767578125 0.3932291671875 0.224609375 0.39453125 0.2412109375 0.3828125 0.251953125 0.36328125 0.251953125 0.3450520828125 0.2412109375 0.328125
2 0.244140625 0.8346354171874999 0.2060546875 0.8697916671874999 0.1748046875 0.8802083328125001 0.1513671875 0.8776041671874999 0.115234375 0.8502604171874999 0.1171875 0.8815104171874999 0.1357421875 0.90625 0.1474609375 0.9140625 0.181640625 0.9127604171874999 0.2041015625 0.9088541671874999 0.2294921875 0.8854166671874999 0.2421875 0.86328125 0.244140625 0.8346354171874999
2 0.9423828125 0.4973958328125 0.9150390625 0.5078125 0.90625 0.51953125 0.904296875 0.55078125 0.9228515625 0.578125 0.9521484375 0.5911458328125 0.98828125 0.58984375 1 0.58203125 0.9990234375 0.5130208328125 0.9638671875 0.4973958328125 0.9423828125 0.4973958328125
0 0.548828125 0.67578125 0.5087890625 0.6484375 0.4658203125 0.6458333328125 0.4306640625 0.6640625 0.412109375 0.70703125 0.4140625 0.73046875 0.427734375 0.7669270828125 0.4560546875 0.7786458328125 0.501953125 0.7799479171875 0.5302734375 0.7682291671875 0.55078125 0.7486979171875 0.55859375 0.71484375 0.548828125 0.67578125
0 0.5634765625 0.7369791671875 0.5341796875 0.7682291671875 0.5146484375 0.7786458328125 0.435546875 0.7825520828125 0.4423828125 0.796875 0.4638671875 0.8125 0.521484375 0.81640625 0.5458984375 0.8046875 0.55859375 0.7877604171875 0.568359375 0.7591145828125 0.5634765625 0.7369791671875
0 0.5654296875 0.7369791671875 0.552734375 0.79296875 0.5283203125 0.8151041671874999 0.4833984375 0.8177083328125001 0.4501953125 0.8020833328125001 0.4365234375 0.78125 0.431640625 0.78515625 0.431640625 0.81640625 0.439453125 0.83984375 0.4638671875 0.8671875 0.49609375 0.8736979171874999 0.5380859375 0.8645833328125001 0.56640625 0.8294270828125001 0.5703125 0.7825520828125 0.5654296875 0.7369791671875
0 0.55859375 0.83984375 0.5361328125 0.8671875 0.4755859375 0.875 0.4541015625 0.8619791671874999 0.4345703125 0.8203125 0.421875 0.8528645828125001 0.431640625 0.90234375 0.4638671875 0.9322916671874999 0.5 0.9361979171874999 0.5322265625 0.9244791671874999 0.552734375 0.90234375 0.564453125 0.8684895828125001 0.55859375 0.83984375
0 0.41741071406249997 0.46875 0.41741071406249997 0.4389880953125 0.40401785781250005 0.42857142968749995 0.38950892812500004 0.45089285625000003 0.37611607187499996 0.4538690484375 0.36049107187499996 0.4538690484375 0.3459821421875 0.45684523749999995 0.3102678578125 0.44642857031250005 0.3203125 0.4657738109375 0.3359375 0.47767857031250005 0.359375 0.48809523749999995 0.3850446421875 0.4851190484375 0.39955357187499996 0.48214285625000003 0.41741071406249997 0.46875
0 0.3571428578125 0.41964285625000003 0.3381696421875 0.41964285625000003 0.3147321421875 0.44196428593750003 0.34263392812500004 0.45535714374999997 0.3571428578125 0.45535714374999997 0.3883928578125 0.44196428593750003 0.40401785781250005 0.42410714374999997 0.41071428593750003 0.41220238125 0.412946428125 0.4047619046875 0.41071428593750003 0.3824404765625 0.40066964218749995 0.3824404765625 0.38950892812500004 0.40178571406249997 0.375 0.4166666671875 0.3571428578125 0.41964285625000003
0 0.34486607187499996 0.41220238125 0.36383928593750003 0.4136904765625 0.37834821406249997 0.40625 0.3928571421875 0.3958333328125 0.3984375 0.3839285703125 0.38616071406249997 0.3675595234375 0.37053571406249997 0.37946428593750003 0.35267857187499996 0.38839285625 0.33928571406249997 0.3958333328125 0.34486607187499996 0.41220238125
0 0.3147321421875 0.3720238109375 0.32700892812500004 0.38095238125 0.3537946421875 0.3824404765625 0.36607142812500004 0.3764880953125 0.37946428593750003 0.37053571406249997 0.38727678593750003 0.3526785703125 0.39174107187499996 0.3288690484375 0.38392857187499996 0.3110119046875 0.36607142812500004 0.30654761875 0.3359375 0.3095238109375 0.31919642812500004 0.3214285703125 0.3125 0.3541666671875 0.3147321421875 0.3720238109375
2 1 0.1235119046875 0.9933035718750001 0.1145833328125 0.9821428578125 0.10565476250000001 0.9654017859374999 0.0922619046875 0.9441964281249999 0.0922619046875 0.953125 0.1220238109375 1 0.1488095234375 1 0.1235119046875
2 1 0.0848214296875 0.9676339281249999 0.06101190468749999 0.9464285718750001 0.08333333281250001 0.9720982140625001 0.10119047656249999 0.9910714281249999 0.11755952343750001 1 0.12053571406250001 1 0.0848214296875
2 0.9988839281249999 0.08779761875 1 0.0505952375 0.9832589281249999 0.0342261890625 0.9698660718750001 0.04464285625 0.9799107140625001 0.06994047656249999 0.9988839281249999 0.08779761875