2 0.3984375 0.6575520828125 0.3662109375 0.640625 0.3466796875 0.640625 0.3017578125 0.6614583328125 0.287109375 0.6940104171875 0.287109375 0.72265625 0.29296875 0.7356770828125 0.3037109375 0.75 0.3349609375 0.765625 0.361328125 0.7643229171875 0.3994140625 0.7421875 0.41015625 0.72265625 0.412109375 0.6888020828125 0.3984375 0.6575520828125
2 0.1943359375 0.6536458328125 0.1630859375 0.6536458328125 0.1357421875 0.6666666671875 0.107421875 0.7122395828125 0.1123046875 0.7552083328125 0.1357421875 0.7786458328125 0.177734375 0.78515625 0.2099609375 0.7708333328125 0.240234375 0.73046875 0.232421875 0.6783854171875 0.1943359375 0.6536458328125
2 0.2392578125 0.7369791671875 0.2080078125 0.7734375 0.1806640625 0.7864583328125 0.1455078125 0.7838541671875 0.1123046875 0.7552083328125 0.109375 0.7591145828125 0.111328125 0.7799479171875 0.1259765625 0.8046875 0.1494140625 0.8203125 0.185546875 0.8190104171874999 0.2080078125 0.8098958328125001 0.236328125 0.7799479171875 0.2421875 0.7643229171875 0.2392578125 0.7369791671875
2 0.2158203125 0.2421875 0.2109375 0.26953125 0.21484375 0.2903645828125 0.224609375 0.3033854171875 0.2177734375 0.3098958328125 0.1953125 0.2825520828125 0.189453125 0.24869791718749998 0.1767578125 0.22916666718749998 0.16015625 0.26953125 0.169921875 0.31640625 0.2021484375 0.3515625 0.234375 0.35546875 0.2578125 0.3346354171875 0.255859375 0.27734375 0.2294921875 0.23958333281250002 0.2158203125 0.2421875
2 0.912109375 0.4466145828125 0.91015625 0.47265625 0.9287109375 0.5052083328125 0.9482421875 0.515625 0.990234375 0.51953125 1 0.5169270828125 0.9990234375 0.4375 0.9462890625 0.4270833328125 0.912109375 0.4466145828125
0 0.548828125 0.59765625 0.5302734375 0.5755208328125 0.5068359375 0.5651041671875 0.4970703125 0.5755208328125 0.4912109375 0.5651041671875 0.4658203125 0.5625 0.4267578125 0.5807291671875 0.41015625 0.6106770828125 0.41015625 0.63671875 0.42578125 0.6861979171875 0.4638671875 0.6979166671875 0.50390625 0.6966145828125 0.5341796875 0.6822916671875 0.556640625 0.6497395828125 0.556640625 0.6184895828125 0.548828125 0.59765625
0 0.5595703125 0.6666666671875 0.5498046875 0.6666666671875 0.5068359375 0.6979166671875 0.4296875 0.6940104171875 0.4306640625 0.71875 0.4404296875 0.7161458328125 0.4873046875 0.7369791671875 0.509765625 0.7356770828125 0.5341796875 0.7291666671875 0.556640625 0.7096354171875 0.564453125 0.69140625 0.5595703125 0.6666666671875
0 0.5634765625 0.6875 0.5380859375 0.7265625 0.5107421875 0.7369791671875 0.4755859375 0.734375 0.4365234375 0.7109375 0.4296875 0.71484375 0.4296875 0.7434895828125 0.4365234375 0.7604166671875 0.4716796875 0.7864583328125 0.509765625 0.7877604171875 0.5361328125 0.7786458328125 0.564453125 0.7434895828125 0.568359375 0.7096354171875 0.5634765625 0.6875
0 0.556640625 0.76171875 0.5244140625 0.7864583328125 0.4716796875 0.7890625 0.4482421875 0.7734375 0.4287109375 0.7421875 0.41796875 0.76953125 0.419921875 0.80078125 0.427734375 0.8190104171874999 0.4599609375 0.8489583328125001 0.498046875 0.8528645828125001 0.5322265625 0.8385416671874999 0.552734375 0.8138020828125001 0.560546875 0.78515625 0.556640625 0.76171875
2 0.7276785718750001 0.11607142968749999 0.71875 0.1145833328125 0.7154017859375 0.1398809515625 0.7265625 0.16964285625 0.7466517859375 0.1681547625 0.7533482140625 0.15029761875 0.7377232140625 0.12053571406250001 0.7276785718750001 0.11607142968749999
2 0.9921875 0 0.9743303578125 0.010416667187500001 0.9709821421875 0.0297619046875 0.9776785718750001 0.0416666671875 0.9966517859374999 0.0625 1 0.0267857140625 1 0 0.9921875 0
0 0.41629464218749995 0.3422619046875 0.41629464218749995 0.3318452375 0.40290178593750003 0.3154761890625 0.3962053578125 0.3199404765625 0.375 0.3244047625 0.34040178593750003 0.32589285625 0.32477678593750003 0.3273809515625 0.31696428593750003 0.3452380953125 0.3337053578125 0.3735119046875 0.36383928593750003 0.3913690484375 0.3772321421875 0.39285714375 0.405133928125 0.3898809515625 0.40959821406249997 0.3869047625 0.41741071406249997 0.3541666671875 0.41629464218749995 0.3422619046875
0 0.35044642812500004 0.2202380953125 0.3258928578125 0.22470238125000003 0.28794642812500004 0.2529761890625 0.28571428593750003 0.2738095234375 0.29352678593750003 0.2916666671875 0.3024553578125 0.3214285703125 0.32477678593750003 0.3229166671875 0.3493303578125 0.32589285625 0.375 0.3244047625 0.39732142812500004 0.30803571406249997 0.39174107187499996 0.2797619046875 0.38950892812500004 0.24702381093749998 0.3727678578125 0.22619047656250002 0.35044642812500004 0.2202380953125