2 0.6109125 0.6939541671875 0.654075 0.7023770828125 0.72198125 0.68446875 0.7369796875 0.6518604171875 0.7307828125 0.6284145828125001 0.7143609375 0.6110708328125 0.6947359375 0.6021666671875 0.6441656250000001 0.60234375 0.6049796875 0.6216479171875 0.5921125 0.6499979171875 0.5920468750000001 0.6710375 0.6109125 0.6939541671875
2 0.7351265625 0.5786916671875 0.7526171875000001 0.5486520828125 0.75725 0.5473874999999999 0.7600859375 0.5182562500000001 0.74046875 0.5097208328125 0.6931515625 0.5119645828125 0.677775 0.5223104171874999 0.66720625 0.5358666671875 0.665115625 0.5440875000000001 0.665484375 0.5638104171875 0.6772843749999999 0.5718083328125 0.7101296875 0.5806833328125001 0.7351265625 0.5786916671875
2 0.675340625 0.5055895828125 0.70360625 0.50420625 0.7239234375 0.4973166671875 0.7310953125 0.4778166671875 0.7229125 0.4608958328125 0.7068531250000001 0.45483333281249994 0.679784375 0.45483333281249994 0.6575624999999999 0.462 0.6428390625 0.4741583328125 0.641984375 0.49063749999999995 0.6432640625 0.49004375 0.6523234375 0.5006520828125 0.675340625 0.5055895828125
2 0.577765625 0.4803854171875 0.5456171875 0.4820583328125 0.5247140625 0.49189999999999995 0.5183421874999999 0.508075 0.518603125 0.5236104171875 0.52958125 0.5329708328125 0.5830578125 0.535475 0.58336875 0.5334375 0.60834375 0.5196145828125001 0.61099375 0.5021854171875 0.5988171875 0.48508958281250003 0.577765625 0.4803854171875
2 0.918246875 0.56196875 0.9002281249999999 0.53651875 0.8636703125 0.5249604171875 0.8191828125 0.52983125 0.8070203125000001 0.5349291671875 0.806203125 0.5532854171875 0.8407218750000001 0.6016354171875 0.8842281249999999 0.5990562500000001 0.915278125 0.5912583328125 0.918246875 0.56196875
2 0.92820625 0.5782854171875 0.940690625 0.5657125 0.9613109375000001 0.559025 0.9974500000000001 0.5575208328125 0.9984375 0.5231166671875 0.976046875 0.508075 0.9248484375 0.5056520828125 0.894696875 0.5118520828124999 0.8797843750000001 0.5289875 0.8801703125 0.52909375 0.9036125 0.5386791671875 0.9193296875 0.5619270828125 0.9193296875 0.5760479171874999 0.92820625 0.5782854171875
0 0.8944015625 0.5131145828125 0.9122546874999999 0.5074541671875 0.9101734374999999 0.4930166671875 0.8915 0.4772104171875 0.8502750000000001 0.47345 0.8132796875 0.47956458281250003 0.8053421875 0.48968749999999994 0.8071140625 0.5229541671875 0.8215890625 0.5298020828125 0.874721875 0.5283104171875 0.88229375 0.5297395828125 0.8944015625 0.5131145828125
2 0.93599375 0.4216333328125 0.8965890625 0.4310520828125 0.8896765625 0.44665416718750006 0.8928312500000001 0.46235 0.9071453125 0.4699916671875 0.963678125 0.4758520828125 0.9795624999999999 0.46797500000000003 0.9846703124999999 0.46062916718749997 0.98530625 0.4515604171875 0.9809140624999999 0.4329145828125 0.9743234375000001 0.42686875 0.9653937499999999 0.42418750000000005 0.93599375 0.4216333328125
1 0.49270781250000006 0.2847229171875 0.5072921874999999 0.28055625 0.48645781250000003 0.25555625000000004 0.47083281250000003 0.2611104171875 0.4583328125 0.2902770828125 0.475 0.2861104171875 0.48645781250000003 0.4388895828125 0.4635421875 0.44444375 0.44375 0.4458333328125 0.43645781250000004 0.4513895828125 0.43541718749999997 0.46944375000000005 0.44895781250000005 0.475 0.471875 0.4847229171875 0.490625 0.4777770828125 0.5114578125 0.47638958281250005 0.5322921875 0.4722229171875 0.5447921874999999 0.4652770828125 0.5520828125 0.4527770828125 0.553125 0.44305625 0.5114578125 0.4402770828125 0.49270781250000006 0.2847229171875
1 0.590625 0.2625 0.5947921875 0.25555625000000004 0.5822921875 0.2388895828125 0.5666671875 0.24305625000000003 0.5604171874999999 0.26388958281249997 0.575 0.2611104171875 0.5739578125 0.375 0.5895828125 0.3736104171875 0.590625 0.2625
0 0.9239578125 0.6041666671875 0.934375 0.6263895828125 0.9635421875000001 0.6472229171875 0.99375 0.65 0.9984375 0.65 0.9984375 0.5583333328125 0.9645828125 0.5611104171875 0.9395828125 0.5680562499999999 0.9291671875 0.5847229171875 0.9239578125 0.6041666671875
0 0.5203125 0.4597229171875 0.5307296874999999 0.4548604171875 0.5375 0.44513958281250005 0.5375 0.4388895828125 0.5296875 0.4347229171875 0.5119796875 0.43680624999999995 0.503125 0.43819375000000005 0.484375 0.43819375000000005 0.47864531250000003 0.4388895828125 0.4703125 0.43680624999999995 0.46145781250000006 0.43819375000000005 0.45677031250000005 0.4465270828125 0.45885468749999997 0.45416666718750004 0.47552031250000004 0.46666666718750005 0.4953125 0.46458333281249997 0.5098953125000001 0.46319375 0.5203125 0.4597229171875
0 0.490625 0.39930625000000003 0.47760468749999996 0.4 0.46927031250000006 0.40138958281250003 0.46510468749999995 0.40625 0.46302031250000003 0.41388958281250005 0.4640625 0.425 0.46927031250000006 0.43333333281249997 0.48229218749999997 0.4361104171875 0.49322968749999996 0.43680624999999995 0.5046875 0.43680624999999995 0.5171875 0.43333333281249997 0.5270828125 0.43263958281250003 0.5359375 0.42638958281250006 0.5375 0.42083333281249996 0.5421875 0.40625 0.5317703125000001 0.39930625000000003 0.5208328125 0.3986104171875 0.5067703125 0.39930625000000003 0.490625 0.39930625000000003
0 0.5380203125 0.4159729171875 0.540625 0.4236104171875 0.5557296875 0.42986041718749995 0.5635421875 0.4291666671875 0.5703125 0.425 0.5755203125 0.4027770828125 0.5791671875 0.3895833328125 0.5859375 0.3798604171875 0.565625 0.37430625 0.553125 0.3826395828125 0.5416671875 0.3902770828125 0.5380203125 0.4027770828125 0.5380203125 0.4159729171875
0 0.628125 0.40138958281250003 0.63125 0.41041666718750003 0.634375 0.41875 0.6432296875 0.4152770828125 0.6541671874999999 0.4048604171875 0.6536453125 0.39375 0.6489578125000001 0.3791666671875 0.64375 0.375 0.6348953125000001 0.3708333328125 0.6229171874999999 0.36666666718749996 0.6161453125 0.3659729171875 0.6088546874999999 0.3645833328125 0.6010421874999999 0.36805625000000003 0.6119796875 0.3763895828125 0.6213546875 0.3861104171875 0.628125 0.40138958281250003
0 0.3708328125 0.4340270828125 0.371875 0.44305625 0.3817703125 0.45069375 0.3947921875 0.4527770828125 0.4078125 0.45 0.4166671875 0.4458333328125 0.4234375 0.44236041718749997 0.43333281250000005 0.43541666718750005 0.43541718749999997 0.4236104171875 0.4328125 0.4159729171875 0.42395781250000003 0.41111041718749997 0.40572968749999994 0.4125 0.390625 0.41736041718749994 0.3765625 0.425 0.3708328125 0.4340270828125
3 0.88125 0.0796875 0.03046875 0.02265625
3 0.5765625 0.2515625 0.02890625 0.02265625
3 0.48125 0.27421875 0.040625 0.02734375