2 0.8154296875 0.4140625 0.7744140625 0.4036458328125 0.7490234375 0.4140625 0.73828125 0.4283854171875 0.73828125 0.4596354171875 0.7548828125 0.4817708328125 0.7822265625 0.4947916671875 0.80859375 0.4934895828125 0.8310546875 0.484375 0.837890625 0.4622395828125 0.8359375 0.44140625 0.8154296875 0.4140625
2 0 0.8059895828125001 0.01953125 0.8059895828125001 0.0517578125 0.7942708328125 0.0859375 0.7591145828125 0.080078125 0.69921875 0.0595703125 0.6770833328125 0 0.67578125 0 0.8059895828125001
2 0.0556640625 0.2421875 0.0458984375 0.2421875 0.041015625 0.2669270828125 0.0546875 0.3059895828125 0.0478515625 0.3177083328125 0.025390625 0.2955729171875 0.01171875 0.2565104171875 0.0009765625 0.2526041671875 0 0.3450520828125 0.05859375 0.3658854171875 0.0751953125 0.359375 0.095703125 0.3268229171875 0.0859375 0.2799479171875 0.0556640625 0.2421875
2 0.0517578125 0.796875 0 0.8111979171874999 0.0009765625 0.84375 0.033203125 0.8424479171874999 0.0693359375 0.8151041671874999 0.0859375 0.7825520828125 0.0732421875 0.7786458328125 0.0517578125 0.796875
2 0.255859375 0.6783854171875 0.2353515625 0.65625 0.2119140625 0.6458333328125 0.1806640625 0.6484375 0.1533203125 0.6640625 0.140625 0.68359375 0.1328125 0.71484375 0.140625 0.7434895828125 0.1552734375 0.7604166671875 0.1845703125 0.7734375 0.201171875 0.7721354171875 0.2333984375 0.7604166671875 0.259765625 0.7252604171875 0.26171875 0.6966145828125 0.255859375 0.6783854171875
0 0.2119140625 0.23177083281250002 0.1689453125 0.2265625 0.1455078125 0.23697916718749998 0.1328125 0.25390625 0.130859375 0.2799479171875 0.1416015625 0.2994791671875 0.1611328125 0.3098958328125 0.1796875 0.30859375 0.2041015625 0.3020833328125 0.2265625 0.2825520828125 0.2265625 0.2513020828125 0.2119140625 0.23177083281250002
0 0.1826171875 0.3098958328125 0.1591796875 0.3098958328125 0.1328125 0.2981770828125 0.1455078125 0.3333333328125 0.1572265625 0.3411458328125 0.1953125 0.33984375 0.23046875 0.31640625 0.234375 0.3033854171875 0.2275390625 0.2916666671875 0.1826171875 0.3098958328125
0 0.1943359375 0.3411458328125 0.146484375 0.3372395828125 0.1650390625 0.3697916671875 0.2109375 0.37109375 0.2373046875 0.3567708328125 0.244140625 0.3450520828125 0.2392578125 0.3098958328125 0.1943359375 0.3411458328125
0 0.2177734375 0.3697916671875 0.1640625 0.3736979171875 0.1767578125 0.3958333328125 0.220703125 0.3997395828125 0.251953125 0.37890625 0.255859375 0.3580729171875 0.2490234375 0.34375 0.2177734375 0.3697916671875
0 0.3505859375 0.5598958328125 0.3095703125 0.5625 0.2744140625 0.5807291671875 0.259765625 0.6080729171875 0.2578125 0.6419270828125 0.27734375 0.6809895828125 0.3076171875 0.6953125 0.34765625 0.6940104171875 0.41015625 0.6549479171875 0.400390625 0.6002604171875 0.3779296875 0.5729166671875 0.3505859375 0.5598958328125
0 0.3818359375 0.6770833328125 0.3486328125 0.6953125 0.28125 0.69140625 0.28125 0.7044270828125 0.3076171875 0.7265625 0.359375 0.73046875 0.3759765625 0.7265625 0.412109375 0.6966145828125 0.4091796875 0.6510416671875 0.3818359375 0.6770833328125
0 0.41796875 0.70703125 0.4111328125 0.6927083328125 0.3896484375 0.71875 0.3623046875 0.7317708328125 0.3134765625 0.7291666671875 0.28125 0.7096354171875 0.28125 0.7434895828125 0.2978515625 0.7682291671875 0.3291015625 0.7864583328125 0.36328125 0.78515625 0.3916015625 0.7708333328125 0.40625 0.75390625 0.41796875 0.7278645828125 0.41796875 0.70703125
0 0.408203125 0.7565104171875 0.3681640625 0.7864583328125 0.3466796875 0.7890625 0.3115234375 0.78125 0.2802734375 0.7447916671875 0.271484375 0.7643229171875 0.27734375 0.8111979171874999 0.3095703125 0.84375 0.34765625 0.84765625 0.3759765625 0.8385416671874999 0.400390625 0.8138020828125001 0.41015625 0.79296875 0.408203125 0.7565104171875
2 0.8035714281249999 0.0148809515625 0.7834821421875 0 0.7723214281249999 0.0193452375 0.7834821421875 0.0505952375 0.8013392859374999 0.0595238109375 0.8292410718750001 0.0625 0.828125 0.03125 0.8180803578125 0.0238095234375 0.8035714281249999 0.0148809515625
2 0.8035714281249999 0.0014880953125 0.8381696421875 0.03125 0.8515625 0.0342261890625 0.8549107140625001 0.0148809515625 0.8560267859374999 0.0014880953125 0.8258928578125 0.0029761890624999997 0.8035714281249999 0.0014880953125
2 0.5546875 0.09970238125 0.5424107140625 0.0982142859375 0.5245535718750001 0.10267857031250001 0.5089285718750001 0.10714285625 0.5066964281249999 0.1369047625 0.5290178578125 0.1532738109375 0.5602678578125 0.1636904765625 0.5703125 0.15178571406250002 0.5725446421875 0.1235119046875 0.5703125 0.1145833328125 0.5546875 0.09970238125