2 0.1484375 0.41368958281249996 0.180803125 0.4002979171875 0.19307968749999999 0.38839375 0.1841515625 0.3705354171875 0.15848281250000001 0.3660708328125 0.1216515625 0.3675604171875 0.0825890625 0.375 0.0680796875 0.40625 0.0859375 0.4375 0.110490625 0.4389875 0.12723281250000001 0.44940416718750004 0.16182968749999999 0.43006041718750004 0.1484375 0.41368958281249996
2 0.1640625 0.45238125 0.180803125 0.4717270828125 0.219865625 0.47618958281249996 0.2299109375 0.4717270828125 0.2578125 0.4479166671875 0.2857140625 0.44196458281249995 0.303571875 0.41815416718750004 0.295759375 0.39136875 0.2712046875 0.3675604171875 0.219865625 0.3705354171875 0.18526718749999999 0.3943458328125 0.1607140625 0.41964375 0.1640625 0.45238125
2 0.399553125 0.64136875 0.45535781249999996 0.6354166671875 0.469865625 0.6369041671875 0.516740625 0.6130958328125 0.5212046875 0.6026791671875 0.5267859374999999 0.5639875 0.5234375 0.5357145828125 0.5055796875 0.5208333328125 0.48660781249999996 0.5089291671875 0.44084843749999997 0.5044645828125 0.40178593749999997 0.5104166671875 0.3783484375 0.5401791671875 0.360490625 0.5744041671875 0.3638390625 0.60714375 0.399553125 0.64136875
2 0.2299109375 0.46428541718750005 0.203125 0.46875 0.196428125 0.48214375 0.204240625 0.5014875 0.2310265625 0.5044645828125 0.2611609375 0.5 0.3046875 0.4970229171875 0.3303578125 0.48660625 0.3381703125 0.45089375 0.3169640625 0.41964375 0.296875 0.4404770828125 0.2845984375 0.44642916718750003 0.2299109375 0.46428541718750005
1 0.7700890625000001 0.32589375 0.8236609375 0.3705354171875 0.782365625 0.7440479171875001 0.6919640625000001 0.7261895828125 0.587053125 0.82886875 0.6640625 0.9979166671874999 0.9984375 0.9979166671874999 0.9984375 0.90625 0.90625 0.7574395828125 0.8348218749999999 0.7544645828125 0.8783484375 0.36904791718749996 0.9430796875 0.3541666671875 0.8895093749999999 0.2514875 0.8381703125 0.2440479171875 0.7700890625000001 0.32589375
1 0.44754531249999996 0.15029791718750002 0.4765625 0.17113125 0.475446875 0.41517916718750003 0.41071406250000003 0.42559583281249996 0.3962046875 0.44642916718750003 0.3883921875 0.48363125 0.4140625 0.5059520828124999 0.515625 0.5252979171875001 0.5959828125 0.4895833328125 0.5881703125 0.43303541718750005 0.5033484374999999 0.4077375 0.508928125 0.16964375 0.5357140625000001 0.16220208281249998 0.5033484374999999 0.11309583281249999 0.47879531249999996 0.1145833328125 0.44754531249999996 0.15029791718750002
1 0.40848281249999996 0.15625 0.3805796875 0.20535625 0.41071406250000003 0.2261895828125 0.428571875 0.51636875 0.3716515625 0.5252979171875001 0.296875 0.5863104171875 0.352678125 0.6845229171875 0.5178578125 0.6845229171875 0.5904015625000001 0.5967270828125 0.49776718750000004 0.5044645828125 0.45089218750000004 0.5044645828125 0.44307968750000004 0.22916666718749998 0.47321406250000003 0.2232145828125 0.47991093749999997 0.1964291671875 0.44977656250000003 0.15029791718750002 0.40848281249999996 0.15625
1 0.1116078125 0.3764875 0.063615625 0.39285625 0.03125 0.4092270828125 0.045759375000000005 0.47321458281249995 0.157365625 0.4627979171875 0.2154015625 0.4047625 0.202009375 0.37797708281250003 0.1372765625 0.3764875 0.1037953125 0.1532729171875 0.133928125 0.1458333328125 0.109375 0.0967270828125 0.078125 0.1026791671875 0.0502234375 0.1532729171875 0.0825890625 0.15029791718750002 0.1116078125 0.3764875
0 0.659375 0.8791666671874999 0.665625 0.9083333328125001 0.6890625 0.9645833328125001 0.70625 0.9833333328125 0.73125 0.9875 0.7390625 0.9979166671874999 0.921875 0.9979166671874999 0.95 0.95625 0.9578125 0.9354166671874999 0.946875 0.91875 0.93125 0.8479166671874999 0.884375 0.7708333328125 0.8609375 0.7604166671875 0.8296875 0.7625 0.8234375 0.8229166671874999 0.8140625 0.84375 0.8203125 0.85625 0.815625 0.8729166671874999 0.821875 0.8833333328125 0.803125 0.8854166671874999 0.8015625 0.8708333328125001 0.790625 0.8604166671875 0.790625 0.8479166671874999 0.803125 0.83125 0.8015625 0.7458333328125 0.709375 0.74375 0.68125 0.7729166671875001 0.659375 0.8291666671875 0.659375 0.8791666671874999
3 0.8515625 0.303125 0.16953125 0.12265625
3 0.48671875 0.14140625 0.075 0.05234375
3 0.43046875 0.18828125 0.09296875 0.06796875
3 0.09375 0.12578125 0.0640625 0.04609375
1 0.1800421875 0.17410625 0.22356875 0.1845229171875 0.2492375 0.42261875 0.19455 0.4360125 0.16106875 0.47767916718750003 0.138746875 0.5029770828125 0.19678281250000002 0.54464375 0.2369609375 0.5550604171875 0.303925 0.5357145828125 0.3474515625 0.5252979171875001 0.3764703125 0.4717270828125 0.373121875 0.44493958281249996 0.279371875 0.41517916718750003 0.2537015625 0.1770833328125 0.2849515625 0.1681541671875 0.2447734375 0.1145833328125 0.2135234375 0.1160708328125 0.1800421875 0.17410625
3 0.23046875 0.146875 0.08046875 0.053125