2 0.05625 0.7604166671875 0.075 0.775 0.1203125 0.775 0.153125 0.7645833328125 0.171875 0.7479166671875 0.1734375 0.7208333328125 0.1640625 0.7041666671875 0.1109375 0.7 0.0578125 0.7229166671875 0.053125 0.73125 0.05625 0.7604166671875
0 0.4171875 0.6583333328125 0.4421875 0.6479166671875001 0.44375 0.6270833328125 0.4359375 0.6145833328125 0.40625 0.6083333328125 0.3671875 0.6208333328125 0.365625 0.6520833328125 0.4171875 0.6583333328125
0 0 0.95 0.0671875 0.9229166671875 0.090625 0.8854166671874999 0.0875 0.85 0.0734375 0.8333333328125001 0.0546875 0.825 0.0109375 0.825 0 0.8270833328125 0 0.95
0 0.359375 0.63125 0.3671875 0.6125 0.3953125 0.6041666671875 0.3828125 0.5895833328125 0.3453125 0.5895833328125 0.321875 0.6041666671875 0.3265625 0.6291666671875 0.359375 0.63125
0 0.4453125 0.6125 0.4890625 0.6145833328125 0.50625 0.6041666671875 0.50625 0.5875 0.4984375 0.5770833328125 0.4578125 0.575 0.4390625 0.5875 0.4390625 0.6041666671875 0.4453125 0.6125
2 0.053125 0.6770833328125 0.1125 0.6770833328125 0.134375 0.6666666671875 0.1375 0.6583333328125 0.1375 0.64375 0.128125 0.63125 0.0828125 0.6291666671875 0.0484375 0.64375 0.0453125 0.6625 0.053125 0.6770833328125
2 0.0046875 0.6479166671875001 0.0453125 0.6541666671875 0.0629890625 0.6302083328125 0.091796875 0.62890625 0.083984375 0.61328125 0.0453125 0.6104166671875 0.009375 0.6208333328125 0.003125 0.63125 0.0046875 0.6479166671875001
2 0.4279515625 0.5775458328124999 0.4348953125 0.5902770828125 0.4548609375 0.574075 0.47743125 0.574075 0.484375 0.5671291671875001 0.4748265625 0.5567124999999999 0.44965312500000004 0.55555625 0.4322921875 0.5590270828125 0.4279515625 0.5775458328124999
2 0.21006874999999997 0.5625 0.22829843749999998 0.5625 0.2135421875 0.5266208328124999 0.21006874999999997 0.5104166671875 0.20138906250000002 0.4976854171875 0.1892359375 0.5173604171874999 0.21006874999999997 0.5625
1 0.436384375 0.48214375 0.43694218749999997 0.49925625 0.44084843749999997 0.6889875 0.44464218750000006 0.7013395828125 0.40089218750000005 0.7221729171875 0.3649546875 0.7284229171875001 0.3571421875 0.7626479171875 0.3649546875 0.78050625 0.399553125 0.7924104171875 0.454240625 0.7998520828125 0.515625 0.78348125 0.532365625 0.7641375 0.53125 0.7715770828124999 0.5368296875 0.75074375 0.5290171875 0.7221729171875 0.4571421875 0.7013395828125 0.452009375 0.5974708328125 0.45089218750000004 0.4947916671875 0.45089218750000004 0.4791666671875 0.46317031249999996 0.47544583281249997 0.475446875 0.4739583328125 0.454240625 0.4471729171875 0.434709375 0.44196458281249995 0.42276718750000003 0.45967291718750003 0.40959843749999997 0.4813979171875 0.436384375 0.48214375
2 0.42717656249999997 0.7745541671875 0.469865625 0.7700895828125 0.5140906249999999 0.75306875 0.5100453125 0.73660625 0.49944218749999997 0.7127979171875001 0.47698124999999997 0.6957770828125 0.4413359375 0.69838125 0.4159453125 0.7022875 0.3883921875 0.7358625 0.391740625 0.7566958328125 0.42717656249999997 0.7745541671875
2 0.6828125 0.5 0.6859375 0.5333333328125 0.7 0.5458333328125 0.7390625 0.5375 0.765625 0.50625 0.778125 0.47291666718750003 0.778125 0.45416666718750004 0.76875 0.43958333281249995 0.7455359374999999 0.42931458281249996 0.7287953125 0.4389875 0.7296875 0.4375 0.7078125 0.45208333281249996 0.6828125 0.5
1 0.598771875 0.6837791671875 0.6155140625 0.6369041671875 0.756696875 0.7075895828125 0.7522328125 0.73214375 0.7834828125 0.7232145828125 0.7873890625 0.7001479171875 0.7689734374999999 0.67261875 0.7600453125 0.6912208328125 0.6205359374999999 0.6212791671875 0.6283484374999999 0.5848208328125 0.631696875 0.52901875 0.6255578125000001 0.5200895828125 0.5982140625000001 0.5357145828125 0.5625 0.625 0.5602671875 0.71875 0.598771875 0.6837791671875
0 0.709375 0.68125 0.69375 0.6833333328125 0.6859375 0.6729166671875 0.66875 0.6791666671875001 0.659375 0.7020833328125 0.6625 0.7208333328125 0.675 0.73125 0.7078125 0.73125 0.753125 0.7041666671875 0.7671875 0.68125 0.7640625 0.65625 0.7546875 0.6458333328125 0.7265625 0.64375 0.696875 0.6583333328125 0.7171875 0.6708333328125 0.709375 0.68125
3 0.7296875 0.2140625 0.05390625 0.0375
3 0.44296875 0.46484375 0.05859375 0.0421875
3 0.76953125 0.70390625 0.03671875 0.06015625