0 0.4208984375 0.6588541671875 0.4033203125 0.6510416671875 0.3681640625 0.6536458328125 0.333984375 0.68359375 0.3330078125 0.7291666671875 0.3896484375 0.7369791671875 0.4150390625 0.7604166671875 0.421875 0.7591145828125 0.447265625 0.7330729171875 0.44921875 0.7044270828125 0.4453125 0.6888020828125 0.4208984375 0.6588541671875
0 0.5693359375 0.6744791671875 0.5419921875 0.6744791671875 0.525390625 0.6888020828125 0.525390625 0.7174479171875 0.5361328125 0.7369791671875 0.5712890625 0.7604166671875 0.59765625 0.7669270828125 0.599609375 0.7278645828125 0.609375 0.7018229171875 0.6064453125 0.6901041671875 0.5693359375 0.6744791671875
2 0.3974609375 0.7447916671875 0.3759765625 0.734375 0.3330078125 0.7317708328125 0.3076171875 0.7447916671875 0.2890625 0.7721354171875 0.291015625 0.8372395828125001 0.3193359375 0.8567708328125001 0.34765625 0.86328125 0.3837890625 0.8567708328125001 0.41796875 0.82421875 0.419921875 0.7747395828125 0.3974609375 0.7447916671875
2 0.3349609375 0.8645833328125001 0.2998046875 0.84375 0.291015625 0.84765625 0.3134765625 0.890625 0.3330078125 0.8984375 0.373046875 0.8971354171874999 0.41015625 0.86328125 0.4189453125 0.8307291671874999 0.3662109375 0.8645833328125001 0.3349609375 0.8645833328125001
2 0.5263671875 0.734375 0.4990234375 0.7369791671875 0.4833984375 0.7473958328125 0.46484375 0.79296875 0.470703125 0.83203125 0.4833984375 0.8489583328125001 0.5126953125 0.8619791671874999 0.548828125 0.86328125 0.583984375 0.8346354171874999 0.59375 0.8059895828125001 0.587890625 0.77734375 0.5263671875 0.734375
0 0.7421875 0.7174479171875 0.7177734375 0.6901041671875 0.6904296875 0.6770833328125 0.6416015625 0.6770833328125 0.6162109375 0.6927083328125 0.6015625 0.7330729171875 0.6015625 0.76171875 0.611328125 0.7903645828125 0.6630859375 0.8203125 0.69140625 0.8216145828125001 0.7236328125 0.8098958328125001 0.75 0.7799479171875 0.75390625 0.75390625 0.7421875 0.7174479171875
0 0.7255859375 0.8098958328125001 0.6943359375 0.8229166671874999 0.6630859375 0.8203125 0.6162109375 0.7942708328125 0.611328125 0.80078125 0.6142578125 0.8333333328125001 0.6201171875 0.828125 0.6787109375 0.859375 0.71484375 0.8580729171874999 0.7333984375 0.8489583328125001 0.7578125 0.8216145828125001 0.7568359375 0.7682291671875 0.7255859375 0.8098958328125001
0 0.7548828125 0.8177083328125001 0.7333984375 0.8489583328125001 0.7119140625 0.8619791671874999 0.6728515625 0.859375 0.6220703125 0.8307291671874999 0.61328125 0.8346354171874999 0.615234375 0.87109375 0.6416015625 0.9036458328125001 0.705078125 0.9127604171874999 0.7255859375 0.90625 0.755859375 0.8736979171874999 0.759765625 0.83203125 0.7548828125 0.8177083328125001
0 0.7119140625 0.9140625 0.6689453125 0.9140625 0.6376953125 0.9036458328125001 0.615234375 0.87109375 0.6123046875 0.8567708328125001 0.6015625 0.8684895828125001 0.599609375 0.9153645828125001 0.6201171875 0.953125 0.6533203125 0.9765625 0.697265625 0.9778645828125001 0.7216796875 0.9661458328125001 0.7421875 0.9361979171874999 0.7431640625 0.8932291671874999 0.7119140625 0.9140625
2 0.4189453125 0.3177083328125 0.4140625 0.3268229171875 0.416015625 0.3893229171875 0.4072265625 0.3880208328125 0.39453125 0.3658854171875 0.392578125 0.3190104171875 0.3818359375 0.3072916671875 0.369140625 0.3190104171875 0.357421875 0.35546875 0.36328125 0.3919270828125 0.3876953125 0.4270833328125 0.4111328125 0.4427083328125 0.423828125 0.44140625 0.44921875 0.4231770828125 0.44921875 0.35546875 0.4248046875 0.3177083328125 0.4189453125 0.3177083328125
0 0.6383928578125 0.41071428593750003 0.6261160718750001 0.37946428593750003 0.6026785718750001 0.3720238109375 0.5680803578125 0.37053571406249997 0.5524553578125 0.36904761875 0.546875 0.3943452375 0.5524553578125 0.4300595234375 0.5770089281249999 0.4479166671875 0.6082589281249999 0.4523809515625 0.6339285718750001 0.4449404765625 0.6383928578125 0.41071428593750003