2 0.2060546875 0.7526041671875 0.1513671875 0.7604166671875 0.1298828125 0.7760416671875 0.111328125 0.8138020828125001 0.11328125 0.8502604171874999 0.1220703125 0.8645833328125001 0.1572265625 0.8880208328125001 0.1796875 0.88671875 0.2138671875 0.875 0.24609375 0.8268229171874999 0.2421875 0.7825520828125 0.2060546875 0.7526041671875
2 0.244140625 0.8528645828125001 0.2392578125 0.8489583328125001 0.2177734375 0.8723958328125001 0.1806640625 0.8880208328125001 0.1572265625 0.8880208328125001 0.11328125 0.86328125 0.115234375 0.88671875 0.1357421875 0.9114583328125001 0.1591796875 0.9244791671874999 0.177734375 0.9231770828125001 0.2041015625 0.9166666671874999 0.2353515625 0.890625 0.244140625 0.87109375 0.244140625 0.8528645828125001
2 0.4140625 0.7799479171875 0.4013671875 0.7578125 0.3779296875 0.7421875 0.3310546875 0.7447916671875 0.30078125 0.7721354171875 0.294921875 0.7877604171875 0.296875 0.8268229171874999 0.3193359375 0.859375 0.36328125 0.8658854171874999 0.3857421875 0.859375 0.408203125 0.83984375 0.41796875 0.8111979171874999 0.4140625 0.7799479171875
2 0.91796875 0.55078125 0.9140625 0.58203125 0.9345703125 0.6067708328125 0.9619140625 0.6223958328125 0.9984375 0.62109375 0.9984375 0.5416666671875 0.9775390625 0.53125 0.9462890625 0.53125 0.91796875 0.55078125
0 0.55859375 0.69921875 0.5361328125 0.6770833328125 0.4990234375 0.6640625 0.4658203125 0.6666666671875 0.4365234375 0.6848958328125 0.41796875 0.7200520828125 0.419921875 0.7486979171875 0.435546875 0.7877604171875 0.4697265625 0.8020833328125001 0.501953125 0.8033854171874999 0.5439453125 0.7864583328125 0.56640625 0.7591145828125 0.56640625 0.7200520828125 0.55859375 0.69921875
0 0.5712890625 0.7604166671875 0.5185546875 0.8020833328125001 0.439453125 0.7981770828125 0.439453125 0.8111979171874999 0.4638671875 0.8307291671874999 0.4931640625 0.8411458328125001 0.521484375 0.83984375 0.5556640625 0.8255208328125001 0.57421875 0.8059895828125001 0.576171875 0.7747395828125 0.5712890625 0.7604166671875
0 0.5458984375 0.8307291671874999 0.5205078125 0.8411458328125001 0.4794921875 0.8385416671874999 0.4423828125 0.8098958328125001 0.4375 0.8138020828125001 0.4375 0.8424479171874999 0.4521484375 0.8723958328125001 0.4873046875 0.8932291671874999 0.51953125 0.89453125 0.564453125 0.86328125 0.576171875 0.8372395828125001 0.5732421875 0.8072916671874999 0.5458984375 0.8307291671874999
0 0.56640625 0.8658854171874999 0.5224609375 0.8958333328125001 0.4873046875 0.8958333328125001 0.4541015625 0.875 0.4365234375 0.8463541671874999 0.42578125 0.8684895828125001 0.42578125 0.89453125 0.435546875 0.9231770828125001 0.4599609375 0.9505208328125001 0.50390625 0.9596354171874999 0.5361328125 0.9479166671874999 0.560546875 0.9205729171874999 0.568359375 0.90234375 0.56640625 0.8658854171874999
2 0.212890625 0.3841145828125 0.2275390625 0.3958333328125 0.2607421875 0.3984375 0.263671875 0.3736979171875 0.2392578125 0.3411458328125 0.2138671875 0.3463541671875 0.1884765625 0.3359375 0.173828125 0.3580729171875 0.169921875 0.40234375 0.1943359375 0.4427083328125 0.2099609375 0.4557291671875 0.232421875 0.4596354171875 0.2568359375 0.453125 0.26953125 0.4231770828125 0.2236328125 0.4088541671875 0.212890625 0.3841145828125
0 0.4140625 0.48363125 0.42522343749999997 0.4657729171875 0.41741093749999997 0.4434520828125 0.40959843749999997 0.45089375 0.3928578125 0.4672625 0.3727671875 0.4672625 0.3627234375 0.4657729171875 0.3459828125 0.4583333328125 0.3325890625 0.4583333328125 0.3404015625 0.48511875 0.3627234375 0.49553541718750005 0.3716515625 0.49553541718750005 0.3928578125 0.49256041718750004 0.4140625 0.48363125
0 0.407365625 0.4092270828125 0.383928125 0.4315479171875 0.3649546875 0.4360125 0.327009375 0.41517916718750003 0.3180796875 0.4360125 0.3297375640625 0.45753383124999997 0.3560265625 0.46875 0.390625 0.4702375 0.41071406250000003 0.45982083281249997 0.420759375 0.4389875 0.415178125 0.41071458281249995 0.407365625 0.4092270828125
0 0.3203125 0.3541666671875 0.3180796875 0.3735125 0.319196875 0.4092270828125 0.3415171875 0.41964375 0.375 0.41517916718750003 0.399553125 0.41815416718750004 0.40290156250000003 0.3988104171875 0.390625 0.3839291671875 0.399553125 0.3660708328125 0.391740625 0.36160625 0.3783484375 0.3511895828125 0.3203125 0.3541666671875
2 0.9732140625 0.1160708328125 0.9665171875 0.1235125 0.9587046875 0.1294645828125 0.9654015625 0.15029791718750002 0.9899546875 0.1651791671875 0.9984375 0.17261875 0.9984375 0.1354166671875 0.9877234375 0.1279770828125 0.9732140625 0.1160708328125