2 0.1071421875 0.70386875 0.0725453125 0.7127979171875001 0.053571875000000005 0.73363125 0.0680796875 0.7619041671875 0.1171875 0.7723208328125 0.1685265625 0.75 0.1752234375 0.7247020828124999 0.149553125 0.70089375 0.1071421875 0.70386875
2 0.678125 0.50625 0.68125 0.5333333328125 0.69375 0.5458333328125 0.7109375 0.5479166671875 0.7375 0.5375 0.76875 0.49375 0.771875 0.45416666718750004 0.7671875 0.44166666718750003 0.73125 0.42291666718750004 0.728125 0.43333333281249997 0.7046875 0.45 0.678125 0.50625
2 0.0984375 0.68125 0.1375 0.6666666671875 0.1390625 0.65 0.13125 0.6333333328124999 0.0796875 0.63125 0.046875 0.65 0.053125 0.6791666671875001 0.0984375 0.68125
1 0.5640625 0.5208333328125 0.5640625 0.7708333328125 0.528125 0.78125 0.4640625 0.8229166671874999 0.4546875 0.8375 0.4546875 0.85 0.4890625 0.9020833328125001 0.5046875 0.9104166671874999 0.640625 0.9166666671874999 0.690625 0.875 0.6984375 0.8645833328125001 0.6984375 0.8479166671874999 0.690625 0.8333333328125001 0.65 0.8 0.615625 0.7791666671875 0.584375 0.7708333328125 0.5828125 0.5229166671875001 0.5875 0.5104166671875 0.6078125 0.5104166671875 0.6109375 0.5020833328125 0.5859375 0.4625 0.5609375 0.4625 0.5359375 0.50625 0.55625 0.5104166671875 0.5640625 0.5208333328125
0 0.5 0.8520833328125 0.5140625 0.8729166671874999 0.546875 0.8833333328125 0.615625 0.8833333328125 0.653125 0.8604166671875 0.65625 0.8270833328125 0.6390625 0.79375 0.6140625 0.7791666671875 0.5859375 0.775 0.5828125 0.8 0.5890625 0.8208333328125 0.56875 0.825 0.5609375 0.8208333328125 0.565625 0.7770833328125 0.5484375 0.775 0.5125 0.79375 0.4984375 0.8208333328125 0.5 0.8520833328125
0 0.371875 0.65625 0.415625 0.6583333328125 0.4375 0.65 0.4359375 0.6166666671875001 0.4 0.6104166671875 0.365625 0.63125 0.3640625 0.64375 0.371875 0.65625
0 0.359375 0.6333333328124999 0.36875 0.61875 0.39375 0.60625 0.3859375 0.5916666671875 0.353125 0.5895833328125 0.3234375 0.6041666671875 0.3265625 0.6291666671875 0.359375 0.6333333328124999
0 0.48125 0.6166666671875001 0.50625 0.6083333328125 0.503125 0.58125 0.4734375 0.5770833328125 0.4515625 0.58125 0.453125 0.6145833328125 0.48125 0.6166666671875001
1 0.43526718750000004 0.4791666671875 0.4390625 0.6958333328124999 0.3703125 0.73125 0.3515625 0.7708333328125 0.3640625 0.7895833328124999 0.4234375 0.80625 0.4953125 0.8 0.5390625 0.7729166671875001 0.5359375 0.7354166671875 0.525 0.7208333328125 0.45625 0.6958333328124999 0.446875 0.4895833328125 0.47209843749999997 0.47618958281249996 0.4453125 0.4404770828125 0.430803125 0.4434520828125 0.40959843749999997 0.4791666671875 0.43526718750000004 0.4791666671875
2 0.4390625 0.7 0.40625 0.7104166671875001 0.39375 0.7291666671875 0.39375 0.75625 0.4171875 0.7708333328125 0.475 0.7708333328125 0.509375 0.7541666671875 0.5125 0.7354166671875 0.4984375 0.7104166671875001 0.4578125 0.6979166671875 0.45625 0.73125 0.4390625 0.73125 0.4390625 0.7
0 0 0.9541666671875 0.0515625 0.9375 0.0890625 0.9083333328125001 0.09375 0.86875 0.084375 0.84375 0.0546875 0.8270833328125 0.0125 0.825 0 0.8291666671875 0 0.9541666671875
2 0.209375 0.5645833328125 0.225 0.5645833328125 0.2265625 0.55 0.2140625 0.5125 0.196875 0.5 0.1921875 0.51875 0.2015625 0.55 0.209375 0.5645833328125
2 0.0046875 0.6458333328125 0.0296875 0.6520833328125 0.0375 0.6416666671875 0.0515625 0.6416666671875 0.084375 0.6208333328125 0.0625 0.6104166671875 0.01875 0.6166666671875001 0.0046875 0.6291666671875 0.0046875 0.6458333328125
2 0.4515625 0.5583333328125 0.453125 0.5770833328125 0.48125 0.5708333328124999 0.4703125 0.5583333328125 0.4515625 0.5583333328125
3 0.72421875 0.21484375 0.05546875 0.03671875
3 0.57421875 0.48515625 0.07265625 0.05234375
3 0.4421875 0.46484375 0.05859375 0.0421875