2 0.423828125 0.50325625 0.41796875 0.48763125 0.40234375 0.4863291671875 0.3740234375 0.48828125 0.3681640625 0.5019541671875001 0.3984375 0.51953125 0.41455156249999997 0.5182291671875 0.423828125 0.50325625
0 0.9555671875 0.5859375 0.9984375 0.5917979171875001 0.9984375 0.5442708328125 0.9984375 0.54296875 0.9677734375 0.5416666671875 0.9453125 0.5546875 0.9477546875 0.5709645828125 0.9555671875 0.5859375
0 0.26611406249999997 0.921225 0.28076249999999997 0.9576833328125 0.3056640625 0.9557291671874999 0.33154374999999997 0.9296875 0.3203125 0.764975 0.2919921875 0.7037770828125 0.26513749999999997 0.7083333328125 0.2490234375 0.7207041671875001 0.24560624999999997 0.7434895828125 0.244140625 0.7838541671875 0.26611406249999997 0.921225
2 0.51171875 0.7877604171875 0.50390625 0.7591145828125 0.48388749999999997 0.7350270828125 0.4384765625 0.7272145828125 0.38720781249999997 0.7395833328125 0.35986406249999997 0.7838541671875 0.37158281249999997 0.8261729171875001 0.4111328125 0.8483083328125 0.44873124999999997 0.8444020828125 0.51171875 0.7877604171875
0 0.8676765625 0.8203125 0.837890625 0.8307291671874999 0.8203125 0.84765625 0.810059375 0.8919270828125001 0.829590625 0.92578125 0.8515625 0.9498708328125 0.916015625 0.9785166671875001 0.946778125 0.9778645828125001 0.9984375 0.9596354171874999 0.9984375 0.87435 0.9984375 0.8736979171874999 0.9984375 0.8730479171875001 0.950684375 0.8307291671874999 0.9057625 0.8209645828125 0.8676765625 0.8203125
1 0.5810546875 0.4796479171875 0.6196296875 0.46858125 0.5805671875 0.4158458328125 0.5576171875 0.41454375 0.51904375 0.4750916671875 0.5556640625 0.4789979171875 0.5620125 0.7858083328125 0.47216874999999997 0.82356875 0.42236406249999997 0.8880208328125001 0.501953125 0.9739583328125001 0.673828125 0.97265625 0.720703125 0.8795583328125 0.7153328125 0.8580729171874999 0.638184375 0.8059895828125001 0.638184375 0.8077729171874999 0.5844734375 0.7875916671875001 0.5810546875 0.4796479171875
2 0.49365312499999997 0.8014333328125 0.4716796875 0.827475 0.4697265625 0.8802083328125001 0.498046875 0.9199229171875001 0.5375984375 0.92578125 0.57421875 0.9270833328125001 0.6254890625 0.921875 0.642578125 0.8971354171874999 0.6528328125 0.8652354171875001 0.6474609375 0.8307291671874999 0.630371875 0.8072916671874999 0.583496875 0.7864583328125 0.556640625 0.7806 0.5146484375 0.7897145828125 0.49365312499999997 0.8014333328125
0 0.5270828125 0.525 0.5385421874999999 0.5222229171875 0.540625 0.5013895828125 0.5145828125 0.5013895828125 0.5041671875 0.5125 0.5104171875 0.525 0.5270828125 0.525
3 0.290625 0.10234375 0.071875 0.05625
3 0.56875 0.446875 0.09296875 0.0640625
4 0.88984375 0.30078125 0.02421875 0.0171875