1 0.3041671875 0.9652770828125 0.2520828125 0.9979166671874999 0.71875 0.9979166671874999 0.7125 0.9833333328125 0.553125 0.8930562500000001 0.5510421875 0.2791666671875 0.63125 0.2791666671875 0.5625 0.1541666671875 0.49583281250000005 0.1472229171875 0.41041718749999995 0.2722229171875 0.49791718749999997 0.28055625 0.478125 0.9083333328125001 0.3552078125 0.9444437499999999 0.3041671875 0.9652770828125
1 0.2427078125 0.3388895828125 0.2427078125 0.2375 0.2583328125 0.2361104171875 0.2375 0.2152770828125 0.2354171875 0.225 0.2364578125 0.3541666671875 0.2739578125 0.3541666671875 0.2791671875 0.3375 0.2427078125 0.3388895828125
2 0.7302078125 0.4 0.7489578125 0.4 0.7666671875 0.3958333328125 0.771875 0.39305625 0.76875 0.38055625000000004 0.7583328125000001 0.3708333328125 0.746875 0.36944374999999996 0.73125 0.3652770828125 0.7114578125000001 0.3791666671875 0.709375 0.3916666671875 0.7197921875 0.4 0.7302078125 0.4
2 0.665625 0.40138958281250003 0.6729171875 0.40138958281250003 0.6979171875 0.4 0.709375 0.39305625 0.7166671874999999 0.38194374999999997 0.70625 0.36944374999999996 0.703125 0.3652770828125 0.6854171874999999 0.3652770828125 0.6760421875 0.3722229171875 0.6645828125000001 0.3861104171875 0.665625 0.40138958281250003
2 0.5760421874999999 0.3902770828125 0.575 0.3763895828125 0.56875 0.3638895828125 0.5666671875 0.3583333328125 0.5614578125 0.3583333328125 0.5489578125000001 0.3597229171875 0.5479171875 0.39444375 0.5666671875 0.3958333328125 0.5760421874999999 0.3902770828125
2 0.3260421875 0.8930562500000001 0.31875 0.9527770828125 0.3302078125 0.9979166671874999 0.6864578125 0.9979166671874999 0.7010421874999999 0.9611104171875 0.6958328125000001 0.8875 0.6583328125000001 0.8388895828124999 0.6322921874999999 0.8111104171875001 0.46770781250000004 0.775 0.415625 0.7902770828125 0.3822921875 0.8083333328125001 0.3447921875 0.8486104171875001 0.3260421875 0.8930562500000001
0 0.075 0.38888958281249997 0.08854218750000001 0.3861104171875 0.09895781249999999 0.38194374999999997 0.10625 0.3597229171875 0.0979171875 0.3541666671875 0.0791671875 0.35 0.0645828125 0.34305625 0.04375 0.3541666671875 0.038542187500000005 0.3638895828125 0.04375 0.3847229171875 0.075 0.38888958281249997
0 0.6760421875 0.375 0.6864578125 0.3597229171875 0.6854171874999999 0.34444375 0.678125 0.3375 0.6520828125 0.35 0.6354171875 0.3652770828125 0.6385421874999999 0.3875 0.6489578125000001 0.3875 0.6645828125000001 0.38333333281250004 0.6760421875 0.375
3 0.51640625 0.2171875 0.209375 0.14609375
3 0.24140625 0.22578125 0.01328125 0.01484375
5 0.67265625 0.2171875 0.02734375 0.02265625