2 0.27849218750000004 0.3535541671875 0.26148906250000004 0.3535541671875 0.25045937500000004 0.35784375 0.2385109375 0.3627458328125 0.23161718750000002 0.3682604171875 0.2362125 0.3768375 0.24494531249999998 0.3854166671875 0.26470625000000003 0.3854166671875 0.282628125 0.3786770828125 0.2844671875 0.36151875 0.27849218750000004 0.3535541671875
2 0.40716875 0.342525 0.41727968750000005 0.3400729171875 0.44025781249999996 0.3370104171875 0.44990781249999995 0.3314958328125 0.45634218750000005 0.3229166671875 0.44761093750000003 0.313725 0.40211406250000004 0.3223041671875 0.39889687500000004 0.32843125 0.39935624999999997 0.3363979171875 0.40716875 0.342525
2 0.44852968750000005 0.33884791718749996 0.42785 0.33884791718749996 0.40165468750000005 0.3455875 0.39889687500000004 0.35906875 0.41773906250000004 0.35845625000000003 0.44255468750000004 0.3560041671875 0.45588281249999996 0.3468145828125 0.44852968750000005 0.33884791718749996
2 0.8102015625 0.3406854171875 0.7973343749999999 0.3413 0.7807906250000001 0.342525 0.7743562500000001 0.344975 0.764246875 0.3468145828125 0.7573531250000001 0.3529416671875 0.7541359375 0.36335833281249996 0.759190625 0.3719354171875 0.7605703125 0.37928958281249997 0.7647062499999999 0.3743875 0.8189343750000001 0.37009791718749996 0.8239890624999999 0.36151875 0.8244484375000001 0.3498770828125 0.8102015625 0.3406854171875
2 0.8033093750000001 0.3939958328125 0.8125 0.3878666671875 0.8235296875 0.3860291671875 0.8327203125 0.3848041671875 0.8304234375 0.3768375 0.8235296875 0.3713229171875 0.8111218750000001 0.3719354171875 0.7922796875 0.3743875 0.7766546875 0.375 0.7601109375 0.3811270828125 0.75436595625 0.3887870578125 0.7582718749999999 0.4044125 0.7665437500000001 0.40625 0.782628125 0.4117645828125 0.795496875 0.4105395828125 0.7973343749999999 0.4019604171875 0.8033093750000001 0.3939958328125
2 0.8952203125 0.4319854171875 0.8763781249999999 0.4338229171875 0.8386953125 0.4411770828125 0.8295031249999999 0.4558833328125 0.8295031249999999 0.4748770828125 0.8409921875 0.48651875 0.8612125 0.48345625 0.8805140625 0.4810041671875 0.9044125 0.4810041671875 0.9214156250000001 0.48223125 0.9301468749999999 0.4895833328125 0.93060625 0.48835833281249996 0.93658125 0.4730395828125 0.9172796875 0.45098125 0.9154406249999999 0.438725 0.8952203125 0.4319854171875
2 0.9646140624999999 0.42034374999999996 0.9503671875 0.4105395828125 0.9342828125 0.4099270828125 0.9241734375 0.4166666671875 0.9177390624999999 0.4270833328125 0.9145218749999999 0.4338229171875 0.9204968750000001 0.45404375 0.9301468749999999 0.4644604171875 0.93841875 0.4797791671875 0.95220625 0.48590625000000004 0.97564375 0.4957104171875 0.9984375 0.5055145828125001 0.9984375 0.4442395828125 0.99310625 0.4381125 0.9797796875 0.42340625000000004 0.9646140624999999 0.42034374999999996
2 0.9949453125 0.37745 0.9862125 0.37928958281249997 0.9802390624999999 0.3823520828125 0.9761031250000001 0.3964458328125 0.97748125 0.4099270828125 0.9839156250000001 0.4172791671875 0.9984375 0.41544166718750003 0.9984375 0.3768375 0.9954046875 0.37745 0.9949453125 0.37745
2 0.9489890624999999 0.3535541671875 0.9494484375000001 0.35906875 0.962775 0.36151875 0.9728859375000001 0.36151875 0.974725 0.36335833281249996 0.9894296875 0.36029374999999997 0.9972421875 0.3517166671875 0.9984375 0.3406854171875 0.9984375 0.32965625 0.9866734375 0.3253666671875 0.9761031250000001 0.32414166718750004 0.9526656250000001 0.33884791718749996 0.9489890624999999 0.3535541671875
2 0.984375 0.32965625 0.9984375 0.3339458328125 0.9972421875 0.3020833328125 0.9793203125 0.3088229171875 0.9586390625 0.3204666671875 0.9655328125 0.32781875 0.984375 0.32965625
0 0.4453125 0.2732375 0.44891875 0.2668270828125 0.443509375 0.25160208281249996 0.39723593749999997 0.2532041671875 0.3912265625 0.2676291671875 0.404446875 0.27964791718750004 0.4453125 0.2732375
0 0.388221875 0.27964791718750004 0.38641875 0.2940708328125 0.3954328125 0.296475 0.4188703125 0.297275 0.435696875 0.2900645828125 0.439303125 0.2756416671875 0.392428125 0.27724375 0.388221875 0.27964791718750004
0 0.384615625 0.30769166718749996 0.3822109375 0.3181083328125 0.390625 0.3253208328125 0.435096875 0.3133020828125 0.439303125 0.3068916671875 0.435696875 0.297275 0.432090625 0.29326875 0.3954328125 0.30128125 0.384615625 0.30769166718749996
0 0.8695906250000001 0.5552875 0.9050484375 0.5616979171875001 0.931490625 0.5560895828125 0.94951875 0.5376604171875 0.9543265625 0.5128208328125 0.9375 0.4919875 0.9086531250000001 0.48477499999999996 0.8798078125 0.48397500000000004 0.83233125 0.49599374999999996 0.8251203125 0.5256416671874999 0.8347359375 0.5496791671875 0.8695906250000001 0.5552875
0 0.87079375 0.43589791718750004 0.8876203125 0.4294875 0.88641875 0.4206729171875 0.881009375 0.4126604171875 0.8743984375 0.40785208281249996 0.85516875 0.40945416718749994 0.8329328125 0.41105833281250004 0.822115625 0.41025625000000004 0.7938703125 0.41586458281249994 0.7938703125 0.4246791671875 0.790865625 0.4366979171875 0.8034859375 0.4519229171875 0.82391875 0.4543270828125 0.8413468749999999 0.44711458281249994 0.853365625 0.43589791718750004 0.87079375 0.43589791718750004
0 0.802884375 0.4126604171875 0.82451875 0.4070520828125 0.87139375 0.4070520828125 0.8858171875 0.4086541671875 0.8900234375 0.3974354171875 0.876803125 0.3854166671875 0.849759375 0.3822125 0.8070906250000001 0.3894229171875 0.7974765625 0.40224374999999996 0.802884375 0.4126604171875
0 0.962740625 0.3934291671875 0.97235625 0.3918270828125 0.985696875 0.37660208281249996 0.966465625 0.3605770828125 0.9358171875 0.3581729171875 0.9087734375000001 0.3653854171875 0.900240625 0.37019166718749996 0.8984375 0.390225 0.9068515625 0.3982375 0.9429093749999999 0.39423125 0.962740625 0.3934291671875
0 0.8853359375000001 0.4038458328125 0.884134375 0.41746875 0.899159375 0.43269166718749996 0.9159859375 0.43349374999999996 0.923196875 0.4166666671875 0.9412265625 0.40945416718749994 0.9556484375000001 0.4126604171875 0.9706734375 0.4166666671875 0.9790859375000001 0.41346249999999996 0.9724765625 0.40224374999999996 0.97548125 0.40304583281250006 0.9628609375 0.3974354171875 0.938821875 0.3974354171875 0.903365625 0.3974354171875 0.8853359375000001 0.4038458328125
0 0.3395828125 0.3777770828125 0.3416671875 0.38333333281250004 0.3479171875 0.3861104171875 0.3614578125 0.3861104171875 0.3708328125 0.3861104171875 0.3833328125 0.3708333328125 0.3739578125 0.3652770828125 0.359375 0.3652770828125 0.346875 0.36944374999999996 0.3395828125 0.3777770828125
3 0.4078125 0.225 0.0234375 0.0203125
4 0.7078125 0.15859375 0.0140625 0.015625
3 0.0125 0.0484375 0.02421875 0.04375