2 0.6171875 0.8190104171874999 0.5498046875 0.7734375 0.5146484375 0.7864583328125 0.494140625 0.82421875 0.49609375 0.86328125 0.5185546875 0.890625 0.5400390625 0.9010416671874999 0.5703125 0.90234375 0.5966796875 0.8932291671874999 0.61328125 0.8763020828125001 0.62109375 0.8528645828125001 0.6171875 0.8190104171874999
2 0.4365234375 0.7916666671875 0.4052734375 0.7708333328125 0.3623046875 0.7682291671875 0.3447265625 0.7760416671875 0.3203125 0.80859375 0.3203125 0.8606770828125001 0.3525390625 0.8958333328125001 0.39453125 0.8997395828125001 0.4169921875 0.8932291671874999 0.4453125 0.8606770828125001 0.44921875 0.8138020828125001 0.4365234375 0.7916666671875
2 0.4287109375 0.8776041671874999 0.4072265625 0.8984375 0.3642578125 0.9010416671874999 0.318359375 0.8658854171874999 0.3203125 0.8997395828125001 0.3447265625 0.9270833328125001 0.3583984375 0.9348958328125001 0.404296875 0.93359375 0.435546875 0.9075520828125001 0.4453125 0.8815104171874999 0.4423828125 0.875 0.4287109375 0.8776041671874999
2 0.486328125 0.3815104171875 0.4814453125 0.3697916671875 0.4501953125 0.3567708328125 0.4453125 0.38671875 0.4384765625 0.390625 0.427734375 0.3815104171875 0.4296875 0.36328125 0.4189453125 0.3489583328125 0.3955078125 0.3515625 0.380859375 0.3684895828125 0.376953125 0.40234375 0.3916015625 0.4296875 0.44921875 0.4361979171875 0.46875 0.4205729171875 0.462890625 0.39453125 0.4814453125 0.390625 0.486328125 0.3815104171875
2 0.9716796875 0.265625 0.962890625 0.2643229171875 0.9619140625 0.2421875 0.9462890625 0.2421875 0.923828125 0.2591145828125 0.921875 0.2721354171875 0.9365234375 0.296875 0.9580078125 0.3098958328125 0.984375 0.30859375 1 0.2955729171875 0.9970703125 0.24739583281250002 0.9814453125 0.24479166718749998 0.9716796875 0.265625
0 0.4482421875 0.6953125 0.3994140625 0.6901041671875 0.365234375 0.7200520828125 0.359375 0.7408854171875 0.3642578125 0.765625 0.3935546875 0.765625 0.4169921875 0.7734375 0.4423828125 0.796875 0.455078125 0.7955729171875 0.474609375 0.7747395828125 0.478515625 0.7486979171875 0.46875 0.7174479171875 0.4482421875 0.6953125
0 0.552734375 0.73046875 0.55078125 0.7565104171875 0.5615234375 0.7786458328125 0.5927734375 0.7994791671875 0.62890625 0.80859375 0.6396484375 0.7369791671875 0.5849609375 0.7135416671875 0.5654296875 0.7161458328125 0.552734375 0.73046875
0 0.7626953125 0.9453125 0.7373046875 0.9583333328125001 0.6826171875 0.9505208328125001 0.6552734375 0.9296875 0.63671875 0.8971354171874999 0.625 0.9440104171874999 0.6455078125 0.9921875 0.6728515625 1 0.724609375 0.9986979171874999 0.7607421875 0.9973958328125001 0.7734375 0.9778645828125001 0.7734375 0.94921875 0.7626953125 0.9453125
0 0.787109375 0.88671875 0.7763671875 0.8828125 0.7470703125 0.9010416671874999 0.7255859375 0.9036458328125001 0.6845703125 0.8958333328125001 0.6552734375 0.8723958328125001 0.640625 0.87890625 0.646484375 0.91796875 0.6669921875 0.9401041671874999 0.7021484375 0.9557291671874999 0.728515625 0.9544270828125001 0.7470703125 0.953125 0.7705078125 0.9375 0.787109375 0.9049479171874999 0.787109375 0.88671875
0 0.7255859375 0.8619791671874999 0.6767578125 0.8567708328125001 0.6748046875 0.8489583328125001 0.6650390625 0.8489583328125001 0.6552734375 0.828125 0.640625 0.8268229171874999 0.640625 0.8893229171874999 0.6474609375 0.8958333328125001 0.6533203125 0.8958333328125001 0.6591796875 0.8802083328125001 0.6826171875 0.8958333328125001 0.7275390625 0.9036458328125001 0.7783203125 0.890625 0.78515625 0.9075520828125001 0.7890625 0.8372395828125001 0.7822265625 0.8255208328125001 0.7412109375 0.859375 0.7255859375 0.8619791671874999
0 0.7509765625 0.734375 0.7236328125 0.71875 0.6865234375 0.7135416671875 0.6435546875 0.734375 0.630859375 0.7877604171875 0.638671875 0.83203125 0.6533203125 0.8333333328125001 0.6630859375 0.8541666671874999 0.6962890625 0.8645833328125001 0.728515625 0.86328125 0.7529296875 0.8541666671874999 0.787109375 0.8268229171874999 0.775390625 0.7643229171875 0.7509765625 0.734375
0 0.5966796875 0.4088541671875 0.578125 0.4283854171875 0.576171875 0.4544270828125 0.5869140625 0.4739583328125 0.6064453125 0.484375 0.638671875 0.4856770828125 0.666015625 0.46484375 0.6669921875 0.4322916671875 0.6240234375 0.4088541671875 0.5966796875 0.4088541671875