2 0.4150390625 0.71875 0.3876953125 0.7083333328125 0.3447265625 0.71875 0.32421875 0.7434895828125 0.318359375 0.76171875 0.318359375 0.79296875 0.3310546875 0.8177083328125001 0.3623046875 0.8359375 0.3828125 0.8372395828125001 0.4150390625 0.8255208328125001 0.44140625 0.7877604171875 0.435546875 0.7408854171875 0.4150390625 0.71875
2 0.2431640625 0.7317708328125 0.1806640625 0.7317708328125 0.1630859375 0.7447916671875 0.140625 0.7799479171875 0.1455078125 0.828125 0.1787109375 0.8567708328125001 0.205078125 0.8580729171874999 0.2392578125 0.84375 0.267578125 0.8138020828125001 0.267578125 0.76171875 0.2431640625 0.7317708328125
2 0.2705078125 0.8151041671874999 0.2392578125 0.8463541671874999 0.2099609375 0.859375 0.1767578125 0.8567708328125001 0.1474609375 0.8307291671874999 0.142578125 0.8346354171874999 0.146484375 0.86328125 0.1728515625 0.890625 0.21484375 0.89453125 0.2373046875 0.8854166671874999 0.259765625 0.86328125 0.2734375 0.8346354171874999 0.2705078125 0.8151041671874999
2 0.2548828125 0.3671875 0.2314453125 0.3645833328125 0.21875 0.34765625 0.208984375 0.3033854171875 0.1962890625 0.2994791671875 0.1796875 0.3346354171875 0.18359375 0.3606770828125 0.2099609375 0.4010416671875 0.24609375 0.4127604171875 0.2607421875 0.4088541671875 0.2734375 0.39453125 0.2734375 0.3841145828125 0.2548828125 0.3671875
2 0.9375 0.5325520828125 0.9521484375 0.5598958328125 1 0.5768229171875 0.9990234375 0.484375 0.9580078125 0.4869791671875 0.939453125 0.5013020828125 0.9375 0.5325520828125
0 0.572265625 0.6575520828125 0.5322265625 0.6302083328125 0.4912109375 0.6302083328125 0.4541015625 0.6510416671875 0.44140625 0.6731770828125 0.4375 0.7018229171875 0.458984375 0.7565104171875 0.4873046875 0.765625 0.52734375 0.7643229171875 0.5634765625 0.7473958328125 0.580078125 0.7278645828125 0.5859375 0.69921875 0.572265625 0.6575520828125
0 0.591796875 0.73046875 0.5830078125 0.7291666671875 0.5498046875 0.7578125 0.5205078125 0.7682291671875 0.4609375 0.7669270828125 0.4638671875 0.78125 0.4853515625 0.7942708328125 0.529296875 0.8033854171874999 0.5537109375 0.7994791671875 0.5791015625 0.7838541671875 0.59375 0.7643229171875 0.591796875 0.73046875
0 0.5712890625 0.7890625 0.5458984375 0.8020833328125001 0.5048828125 0.8020833328125001 0.4853515625 0.7942708328125 0.4638671875 0.7708333328125 0.458984375 0.77734375 0.4609375 0.81640625 0.4677734375 0.8307291671874999 0.5009765625 0.8541666671874999 0.5390625 0.8580729171874999 0.580078125 0.83203125 0.595703125 0.80078125 0.5927734375 0.7630208328125 0.5712890625 0.7890625
0 0.5859375 0.8268229171874999 0.5517578125 0.8567708328125001 0.5185546875 0.8619791671874999 0.4892578125 0.8515625 0.4580078125 0.8125 0.44921875 0.83203125 0.44921875 0.8606770828125001 0.462890625 0.89453125 0.5009765625 0.921875 0.533203125 0.9205729171874999 0.5634765625 0.90625 0.580078125 0.8841145828125001 0.58984375 0.8580729171874999 0.5859375 0.8268229171874999
0 0.4453125 0.42857142968749995 0.4453125 0.4092261890625 0.436383928125 0.4077380953125 0.428571428125 0.41815476250000005 0.40401785781250005 0.42857142968749995 0.38950892812500004 0.42857142968749995 0.3727678578125 0.42857142968749995 0.37388392812500004 0.45089285625000003 0.3883928578125 0.46875 0.4140625 0.4672619046875 0.428571428125 0.45982142968749995 0.444196428125 0.44196428593750003 0.4453125 0.42857142968749995
0 0.43303571406249997 0.40029761875 0.4296875 0.37946428593750003 0.421875 0.3854166671875 0.407366071875 0.3988095234375 0.3962053578125 0.3988095234375 0.390625 0.42410714374999997 0.415178571875 0.42559523749999995 0.42522321406249997 0.4226190484375 0.43303571406249997 0.4136904765625 0.43303571406249997 0.40029761875
0 0.34486607187499996 0.3333333328125 0.3493303578125 0.36160714375 0.3571428578125 0.3764880953125 0.38616071406249997 0.3779761890625 0.405133928125 0.3779761890625 0.412946428125 0.3779761890625 0.42522321406249997 0.3660714296875 0.41852678593750003 0.34970238125 0.41852678593750003 0.32589285625 0.41964285781250005 0.30803571406249997 0.390625 0.3050595234375 0.3694196421875 0.29910714375 0.3537946421875 0.3050595234375 0.34486607187499996 0.3333333328125