2 0.298828125 0.3763020828125 0.2763671875 0.3463541671875 0.2646484375 0.3463541671875 0.263671875 0.4075520828125 0.2587890625 0.4088541671875 0.244140625 0.3893229171875 0.244140625 0.3450520828125 0.2373046875 0.3359375 0.2236328125 0.3385416671875 0.20703125 0.3763020828125 0.21875 0.42578125 0.2431640625 0.4557291671875 0.2734375 0.4622395828125 0.2939453125 0.453125 0.306640625 0.4309895828125 0.30859375 0.41015625 0.298828125 0.3763020828125
0 0.4775390625 0.390625 0.4248046875 0.3828125 0.3984375 0.4075520828125 0.3984375 0.4309895828125 0.4111328125 0.453125 0.455078125 0.4596354171875 0.4736328125 0.453125 0.486328125 0.43359375 0.486328125 0.4049479171875 0.4775390625 0.390625
0 0.392578125 0.6861979171875 0.388671875 0.7122395828125 0.3994140625 0.734375 0.4169921875 0.7473958328125 0.453125 0.7565104171875 0.458984375 0.7096354171875 0.4716796875 0.6796875 0.4150390625 0.6744791671875 0.392578125 0.6861979171875
0 0.5751953125 0.6796875 0.5517578125 0.6666666671875 0.5087890625 0.6640625 0.4794921875 0.6744791671875 0.458984375 0.7122395828125 0.45703125 0.7565104171875 0.4853515625 0.7890625 0.5146484375 0.7994791671875 0.537109375 0.7981770828125 0.5615234375 0.7916666671875 0.59765625 0.7643229171875 0.59375 0.7044270828125 0.5751953125 0.6796875
0 0.5458984375 0.7994791671875 0.47265625 0.79296875 0.47265625 0.80859375 0.4990234375 0.828125 0.541015625 0.8372395828125001 0.5869140625 0.8203125 0.599609375 0.8033854171874999 0.59765625 0.76953125 0.5458984375 0.7994791671875
0 0.6025390625 0.8020833328125001 0.5791015625 0.828125 0.5576171875 0.8385416671874999 0.5185546875 0.8385416671874999 0.47265625 0.8111979171874999 0.47265625 0.8450520828125001 0.4853515625 0.8671875 0.5087890625 0.8854166671874999 0.55078125 0.8893229171874999 0.5791015625 0.8802083328125001 0.59375 0.8658854171874999 0.607421875 0.8372395828125001 0.6025390625 0.8020833328125001
0 0.59765625 0.85546875 0.5751953125 0.8802083328125001 0.5302734375 0.890625 0.4833984375 0.8645833328125001 0.4736328125 0.8359375 0.458984375 0.8763020828125001 0.46875 0.9153645828125001 0.4951171875 0.9453125 0.54296875 0.9518229171874999 0.5693359375 0.9427083328125001 0.591796875 0.91796875 0.599609375 0.8997395828125001 0.59765625 0.85546875
2 0.451171875 0.7721354171875 0.3896484375 0.7369791671875 0.3544921875 0.75 0.330078125 0.7903645828125 0.337890625 0.8372395828125001 0.3603515625 0.8567708328125001 0.40625 0.8606770828125001 0.4306640625 0.8489583328125001 0.44921875 0.8294270828125001 0.455078125 0.8138020828125001 0.451171875 0.7721354171875
2 0.2470703125 0.8697916671874999 0.2275390625 0.8776041671874999 0.1904296875 0.875 0.154296875 0.8502604171874999 0.15625 0.8763020828125001 0.1748046875 0.9010416671874999 0.1962890625 0.9140625 0.23046875 0.9127604171874999 0.2666015625 0.890625 0.28515625 0.8450520828125001 0.2763671875 0.8411458328125001 0.2470703125 0.8697916671874999
2 0.279296875 0.77734375 0.2607421875 0.7552083328125 0.2373046875 0.7447916671875 0.2080078125 0.7447916671875 0.1806640625 0.7604166671875 0.1640625 0.7799479171875 0.15234375 0.8059895828125001 0.15234375 0.8372395828125001 0.1572265625 0.8489583328125001 0.1884765625 0.8723958328125001 0.224609375 0.8763020828125001 0.2451171875 0.8697916671874999 0.2822265625 0.8359375 0.28515625 0.80078125 0.279296875 0.77734375
2 0.7685546875 0.2109375 0.7607421875 0.2265625 0.7529296875 0.20572916718749998 0.7412109375 0.203125 0.71875 0.23046875 0.728515625 0.2565104171875 0.7412109375 0.265625 0.779296875 0.2669270828125 0.80078125 0.24088541718749998 0.796875 0.22005208281250002 0.7880859375 0.2109375 0.7685546875 0.2109375
2 1 0.5267857140625 0.9698660718750001 0.52529761875 0.9654017859374999 0.5595238109375 0.9765625 0.6041666671875 0.9966517859374999 0.6160714296875 1 0.6056547625 1 0.5267857140625