2 0.0869140625 0.2265625 0.076171875 0.23828125 0.08203125 0.2877604171875 0.091796875 0.29296875 0.0869140625 0.2994791671875 0.0703125 0.2877604171875 0.052734375 0.24088541718749998 0.0380859375 0.22395833281250002 0.02734375 0.24088541718749998 0.025390625 0.2643229171875 0.03515625 0.30859375 0.0634765625 0.3411458328125 0.09375 0.34765625 0.126953125 0.3294270828125 0.12890625 0.2721354171875 0.1064453125 0.23958333281250002 0.0869140625 0.2265625
2 0.298828125 0.66015625 0.2783203125 0.6328125 0.2607421875 0.625 0.2216796875 0.625 0.2001953125 0.6354166671875 0.181640625 0.6575520828125 0.17578125 0.6783854171875 0.181640625 0.7174479171875 0.2060546875 0.7421875 0.232421875 0.74609375 0.2587890625 0.7421875 0.2783203125 0.7291666671875 0.298828125 0.69921875 0.298828125 0.66015625
2 0.8447265625 0.3671875 0.8134765625 0.3671875 0.78125 0.3893229171875 0.779296875 0.4153645828125 0.7998046875 0.4453125 0.8310546875 0.4557291671875 0.85546875 0.4544270828125 0.880859375 0.43359375 0.8828125 0.40234375 0.8740234375 0.3854166671875 0.8447265625 0.3671875
2 0.1259765625 0.7291666671875 0.1005859375 0.765625 0.0654296875 0.7838541671875 0.0263671875 0.7838541671875 0 0.7669270828125 0.0009765625 0.7994791671875 0.0322265625 0.8203125 0.064453125 0.8190104171874999 0.0966796875 0.8046875 0.125 0.76953125 0.130859375 0.75390625 0.1259765625 0.7291666671875
2 0 0.7643229171875 0.0224609375 0.78125 0.052734375 0.78515625 0.0986328125 0.765625 0.126953125 0.7278645828125 0.126953125 0.6888020828125 0.1064453125 0.6588541671875 0.0927734375 0.6510416671875 0.0498046875 0.6510416671875 0.0263671875 0.6614583328125 0 0.6861979171875 0 0.7643229171875
0 0.4521484375 0.6901041671875 0.4248046875 0.7239583328125 0.3994140625 0.7369791671875 0.3681640625 0.734375 0.32421875 0.7044270828125 0.3203125 0.73828125 0.3427734375 0.7786458328125 0.3681640625 0.7942708328125 0.396484375 0.7955729171875 0.4267578125 0.7838541671875 0.451171875 0.7565104171875 0.458984375 0.7356770828125 0.4521484375 0.6901041671875
0 0.4345703125 0.6640625 0.3935546875 0.6848958328125 0.3564453125 0.6848958328125 0.318359375 0.66796875 0.322265625 0.6940104171875 0.3369140625 0.7161458328125 0.3662109375 0.7317708328125 0.3984375 0.7330729171875 0.4228515625 0.7239583328125 0.451171875 0.69140625 0.4501953125 0.6458333328125 0.4345703125 0.6640625
0 0.4248046875 0.6223958328125 0.3837890625 0.6484375 0.31640625 0.65234375 0.3232421875 0.6692708328125 0.3486328125 0.6822916671875 0.392578125 0.68359375 0.4189453125 0.6744791671875 0.451171875 0.6471354171875 0.4443359375 0.5963541671875 0.4248046875 0.6223958328125
0 0.443359375 0.5169270828125 0.4267578125 0.4921875 0.3857421875 0.46875 0.3486328125 0.4713541671875 0.3271484375 0.484375 0.302734375 0.51953125 0.298828125 0.5768229171875 0.3388671875 0.6302083328125 0.39453125 0.63671875 0.4189453125 0.625 0.4453125 0.5846354171875 0.44921875 0.5403645828125 0.443359375 0.5169270828125
0 0.2509765625 0.2109375 0.2119140625 0.20572916718749998 0.1826171875 0.21875 0.16796875 0.23567708281250002 0.166015625 0.2565104171875 0.1806640625 0.28125 0.1962890625 0.2890625 0.22265625 0.2877604171875 0.2412109375 0.28125 0.263671875 0.2565104171875 0.263671875 0.23046875 0.2509765625 0.2109375
0 0.2705078125 0.3385416671875 0.2509765625 0.3489583328125 0.201171875 0.3502604171875 0.205078125 0.36328125 0.2216796875 0.3776041671875 0.25 0.37890625 0.287109375 0.36328125 0.29296875 0.3294270828125 0.2861328125 0.3177083328125 0.2705078125 0.3385416671875
0 0.2705078125 0.2838541671875 0.2529296875 0.3072916671875 0.2275390625 0.3203125 0.185546875 0.31640625 0.19140625 0.3372395828125 0.2021484375 0.3489583328125 0.240234375 0.3502604171875 0.2666015625 0.3411458328125 0.28125 0.32421875 0.2763671875 0.2890625 0.2705078125 0.2838541671875
0 0.1943359375 0.2890625 0.1748046875 0.2734375 0.169921875 0.27734375 0.171875 0.2955729171875 0.1865234375 0.3151041671875 0.228515625 0.3190104171875 0.275390625 0.2903645828125 0.2626953125 0.2630208328125 0.2216796875 0.2890625 0.1943359375 0.2890625