2 0 0.2513020828125 0.005859375 0.25390625 0.0341796875 0.24479166718749998 0.048828125 0.22265625 0.04296875 0.1731770828125 0.0107421875 0.1328125 0 0.1341145828125 0 0.1809895828125 0.01171875 0.1966145828125 0.0087890625 0.20572916718749998 0 0.20703125 0 0.2513020828125
2 0.7607421875 0.2838541671875 0.7255859375 0.2838541671875 0.701171875 0.3033854171875 0.701171875 0.3372395828125 0.7138671875 0.3541666671875 0.7333984375 0.3671875 0.7734375 0.3684895828125 0.798828125 0.3502604171875 0.798828125 0.31640625 0.7880859375 0.2994791671875 0.7607421875 0.2838541671875
2 0.22265625 0.5716145828125 0.1904296875 0.5364583328125 0.1416015625 0.5364583328125 0.1181640625 0.5520833328125 0.1015625 0.57421875 0.1015625 0.62890625 0.1298828125 0.6536458328125 0.15234375 0.6575520828125 0.1962890625 0.6458333328125 0.216796875 0.6263020828125 0.224609375 0.60546875 0.22265625 0.5716145828125
2 0.0166015625 0.5651041671875 0 0.56640625 0.00390625 0.6861979171875 0.0205078125 0.6770833328125 0.048828125 0.6341145828125 0.044921875 0.5950520828125 0.0166015625 0.5651041671875
2 0 0.72265625 0.005859375 0.72265625 0.0224609375 0.7135416671875 0.046875 0.6809895828125 0.0478515625 0.6432291671875 0.0166015625 0.6822916671875 0 0.6888020828125 0 0.72265625
0 0.37109375 0.6315104171875 0.3330078125 0.6640625 0.2900390625 0.6692708328125 0.2607421875 0.6484375 0.2431640625 0.625 0.236328125 0.6393229171875 0.234375 0.6705729171875 0.244140625 0.6966145828125 0.2744140625 0.7239583328125 0.296875 0.7278645828125 0.3232421875 0.7265625 0.3564453125 0.703125 0.375 0.66796875 0.37109375 0.6315104171875
0 0.3544921875 0.5963541671875 0.3173828125 0.6119791671875 0.2783203125 0.609375 0.2421875 0.5872395828125 0.24609375 0.6263020828125 0.2626953125 0.6484375 0.2822265625 0.6614583328125 0.33203125 0.6627604171875 0.37109375 0.62890625 0.380859375 0.60546875 0.3759765625 0.5729166671875 0.3544921875 0.5963541671875
0 0.35546875 0.5455729171875 0.3310546875 0.5677083328125 0.3017578125 0.578125 0.2421875 0.57421875 0.244140625 0.58984375 0.2548828125 0.5989583328125 0.2900390625 0.6119791671875 0.314453125 0.6106770828125 0.3466796875 0.6015625 0.376953125 0.57421875 0.3701171875 0.515625 0.35546875 0.5455729171875
0 0.35546875 0.4700520828125 0.3134765625 0.4427083328125 0.2744140625 0.4427083328125 0.2333984375 0.4661458328125 0.220703125 0.4934895828125 0.21875 0.5169270828125 0.236328125 0.5611979171875 0.2626953125 0.5755208328125 0.302734375 0.5768229171875 0.3388671875 0.5625 0.361328125 0.53515625 0.369140625 0.5065104171875 0.35546875 0.4700520828125
0 0.2060546875 0.22395833281250002 0.1708984375 0.2578125 0.12109375 0.26171875 0.1357421875 0.2838541671875 0.1796875 0.2877604171875 0.2021484375 0.2786458328125 0.212890625 0.2643229171875 0.21484375 0.24088541718749998 0.2060546875 0.22395833281250002
0 0.1533203125 0.2265625 0.1162109375 0.22916666718749998 0.103515625 0.22265625 0.107421875 0.23828125 0.1259765625 0.2604166671875 0.1640625 0.2591145828125 0.197265625 0.23567708281250002 0.201171875 0.20703125 0.1923828125 0.1927083328125 0.1533203125 0.2265625
0 0.1630859375 0.1875 0.1318359375 0.1979166671875 0.1103515625 0.1953125 0.087890625 0.1783854171875 0.087890625 0.19921875 0.1103515625 0.2265625 0.14453125 0.22786458281250002 0.18359375 0.20442708281250002 0.189453125 0.1861979171875 0.1826171875 0.1692708328125 0.1630859375 0.1875
0 0.1767578125 0.125 0.1533203125 0.1119791671875 0.1298828125 0.1119791671875 0.087890625 0.13671875 0.0859375 0.16796875 0.0966796875 0.1848958328125 0.1103515625 0.1953125 0.14453125 0.1940104171875 0.1708984375 0.1822916671875 0.18359375 0.1627604171875 0.18359375 0.13671875 0.1767578125 0.125