1 0.055803124999999995 0.5357145828125 0.0803578125 0.57589375 0.1227671875 0.59375 0.165178125 0.5833333328125 0.264509375 0.5104166671875 0.274553125 0.49107083281249997 0.2466515625 0.4360125 0.157365625 0.44642916718750003 0.0881703125 0.1681541671875 0.1216515625 0.15625 0.0814734375 0.10714375000000001 0.0446421875 0.1145833328125 0.024553125000000002 0.1875 0.0580359375 0.1770833328125 0.1194203125 0.4389875 0.0915171875 0.4583333328125 0.055803124999999995 0.5357145828125
1 0 0.89285625 0.0412953125 0.89136875 0.20535781250000001 0.7440479171875001 0.171875 0.6220229171875 0.071428125 0.6220229171875 0 0.8333333328125001 0 0.89285625
1 0.5647328125 0.40625 0.5580359374999999 0.3824395828125 0.49776718750000004 0.3392854171875 0.44196406250000003 0.34970208281250004 0.420759375 0.0967270828125 0.44754531249999996 0.0907729171875 0.415178125 0.0327375 0.389509375 0.0416666671875 0.3671875 0.08928541718750001 0.40178593749999997 0.1026791671875 0.42522343749999997 0.3556541671875 0.3928578125 0.36160625 0.3314734375 0.41368958281249996 0.3638390625 0.47618958281249996 0.48102656250000003 0.47321458281249995 0.5647328125 0.40625
1 0.5892859374999999 0 0.5747765625000001 0.0386895828125 0.600446875 0.0416666671875 0.6149546875 0.2604166671875 0.569196875 0.26785625 0.5256703125 0.3214291671875 0.5703125 0.35714375 0.686384375 0.3348208328125 0.7064734374999999 0.28422708281250003 0.662946875 0.2619041671875 0.633928125 0.26488125 0.623884375 0.044643749999999996 0.6506703125 0.029762499999999997 0.633928125 0 0.5892859374999999 0
1 0.6830359374999999 0.33779791718749996 0.6361609374999999 0.39136875 0.719865625 0.45089375 0.8549109375 0.43303541718750005 0.8828125 0.3675604171875 0.8738843749999999 0.34077291718749997 0.7834828125 0.3050604171875 0.780134375 0.05208333281250001 0.8169640625 0.043154167187499995 0.7857140625000001 0.0014874999999999999 0.7444203125 0.0014874999999999999 0.7154015625000001 0.049106250000000004 0.75 0.04761875 0.7477671875 0.3110125 0.6830359374999999 0.33779791718749996
0 0.7578125 0.24702291718749997 0.7444203125 0.25297708281250003 0.719865625 0.2738104171875 0.6953125 0.29613125 0.6830359374999999 0.3244041671875 0.69508884375 0.3525290203125 0.7310265625000001 0.3764875 0.8169640625 0.375 0.8459828125 0.3214291671875 0.8381703125 0.2797625 0.8080359375 0.25297708281250003 0.7578125 0.24702291718749997
2 0.7578125 0.38988125 0.7421875 0.3854166671875 0.7209828125 0.375 0.6975453125 0.3511895828125 0.6841515625000001 0.3660708328125 0.688615625 0.3854166671875 0.712053125 0.4092270828125 0.7399546875 0.4122020828125 0.7790171875 0.4092270828125 0.8303578125 0.3943458328125 0.8448656250000001 0.375 0.8426343749999999 0.34672708281250003 0.828125 0.34970208281250004 0.8024546875 0.37797708281250003 0.7578125 0.38988125
2 0.1060265625 0.44940416718750004 0.0747765625 0.4702375 0.0758921875 0.48809583281249996 0.087053125 0.49256041718750004 0.1037953125 0.5014875 0.1227671875 0.5238104171875 0.13839218749999999 0.5416666671875 0.15067031250000001 0.5372020828124999 0.178571875 0.5238104171875 0.1997765625 0.51339375 0.217634375 0.4940479171875 0.2232140625 0.46875 0.2142859375 0.44196458281249995 0.188615625 0.4315479171875 0.16182968749999999 0.4270833328125 0.1595984375 0.42559583281249996 0.1171875 0.4434520828125 0.1060265625 0.44940416718750004
2 0.125 0.5119041671875 0.110490625 0.4940479171875 0.0725453125 0.47618958281249996 0.0502234375 0.48065416718750004 0.015625 0.4895833328125 0.0022328125 0.4940479171875 0.0044640625 0.6815479171875001 0.047990624999999995 0.6651791671875 0.1060265625 0.6160708328125 0.123884375 0.5818458328125 0.125 0.5119041671875
2 0.1171875 0.61011875 0.1060265625 0.61011875 0.0725453125 0.6443458328125 0.027901562499999998 0.67261875 0 0.6845229171875 0.0022328125 0.7470229171875 0.0033484375 0.7514875 0.0725453125 0.7202375 0.1071421875 0.6845229171875 0.116071875 0.65625 0.1171875 0.61011875
2 0.12723281250000001 0.7395833328125 0.14285781250000001 0.7127979171875001 0.14620468749999999 0.6860125 0.131696875 0.6532729171875 0.109375 0.6369041671875 0.1071421875 0.6636895828125 0.094865625 0.6979166671875 0.0580359375 0.7291666671875 0.0011156249999999999 0.75 0 0.8348208328125001 0.032365624999999995 0.82886875 0.055803124999999995 0.8095229171874999 0.094865625 0.7708333328125 0.12723281250000001 0.7395833328125
3 0.06875 0.1453125 0.0859375 0.0671875
3 0.40625 0.06796875 0.07265625 0.05859375
3 0.61171875 0.0171875 0.06328125 0.034375
3 0.76015625 0.02421875 0.0796875 0.04765625