1 0 0.51636875 0.018973437500000002 0.46875 0 0.45238125 0 0.51636875
1 0.272321875 0.51488125 0.235490625 0.46875 0.18192031250000001 0.45089375 0.1674109375 0.20684583281250002 0.204240625 0.20684583281250002 0.1607140625 0.1532729171875 0.1361609375 0.1651791671875 0.116071875 0.20238125 0.1450890625 0.21577291718749997 0.1450890625 0.45535625 0.078125 0.46875 0.071428125 0.47321458281249995 0.0368296875 0.5044645828125 0.0747765625 0.5565479171875001 0.2064734375 0.5639875 0.272321875 0.51488125
1 0.3024546875 0.49107083281249997 0.334821875 0.48660625 0.3850453125 0.4747020828125 0.40401718750000004 0.45238125 0.40067031249999996 0.4345229171875 0.342634375 0.4077375 0.3337046875 0.4047625 0.3404015625 0.20684583281250002 0.3649546875 0.1979166671875 0.3392859375 0.16220208281249998 0.311384375 0.16220208281249998 0.282365625 0.1979166671875 0.3180796875 0.1979166671875 0.3080359375 0.41071458281249995 0.2544640625 0.41517916718750003 0.21875 0.45238125 0.265625 0.48660625 0.3024546875 0.49107083281249997
1 0.42410781249999996 0.4702375 0.3928578125 0.4702375 0.3225453125 0.5089291671875 0.3627234375 0.5714291671875 0.47321406250000003 0.57886875 0.540178125 0.5372020828124999 0.506696875 0.4895833328125 0.44196406250000003 0.4747020828125 0.462053125 0.24702291718749997 0.48995468750000004 0.2425604171875 0.46540156250000003 0.1889875 0.43973281249999996 0.1845229171875 0.40625 0.23511875 0.43415156250000003 0.23511875 0.42410781249999996 0.4702375
1 0.7555796875 0.5029770828125 0.657365625 0.51488125 0.6584828125 0.5431541671875 0.686384375 0.6041666671875 0.8136156250000001 0.6309520828124999 0.8761156250000001 0.5922625 0.8314734375 0.53125 0.7834828125 0.51785625 0.8058031250000001 0.2857145828125 0.8415171875 0.2827375 0.8180796875 0.23660625 0.7890625 0.23065416718749998 0.7600453125 0.27827291718749997 0.7790171875 0.2797625 0.7555796875 0.5029770828125
2 0.084821875 0.4985125 0.0982140625 0.5029770828125 0.15067031250000001 0.5014875 0.1841515625 0.48660625 0.20870468749999999 0.4627979171875 0.225446875 0.4345229171875 0.1997765625 0.4032729171875 0.1484375 0.4002979171875 0.1138390625 0.4077375 0.0747765625 0.4166666671875 0.061384375000000005 0.45238125 0.0658484375 0.4791666671875 0.084821875 0.4985125
2 0.3962046875 0.54761875 0.444196875 0.5565479171875001 0.47098281249999996 0.5550604171875 0.4921875 0.5372020828124999 0.49553593749999997 0.5282729171875 0.491071875 0.5 0.48102656250000003 0.48065416718750004 0.467634375 0.47767916718750003 0.42522343749999997 0.4627979171875 0.373884375 0.4791666671875 0.3716515625 0.4985125 0.3962046875 0.54761875
0 0.727678125 0.5863104171875 0.766740625 0.5892854171875 0.8069203125 0.5863104171875 0.8158484375 0.5848208328125 0.8258921875 0.5699395828125 0.8169640625 0.5431541671875 0.8002234375 0.5208333328125 0.7756703125 0.4985125 0.7109375 0.5014875 0.6975453125 0.5208333328125 0.7008921875 0.5654770828125 0.727678125 0.5863104171875
0 0.8069203125 0.45089375 0.780134375 0.45982083281249997 0.774553125 0.48809583281249996 0.797221875 0.5199020828124999 0.822034375 0.5307729171875 0.8459828125 0.53125 0.8669078125 0.5116020828125001 0.8621343749999999 0.47292500000000004 0.8430406250000001 0.45774791718749996 0.8069203125 0.45089375
2 0.118303125 0.5044645828125 0.100446875 0.5223208328125 0.1138390625 0.53125 0.14285781250000001 0.54761875 0.212053125 0.5342270828125 0.241071875 0.51785625 0.243303125 0.48214375 0.21875 0.45684583281249996 0.186384375 0.4747020828125 0.16629531250000001 0.48809583281249996 0.118303125 0.5044645828125
3 0.7984375 0.259375 0.07578125 0.05234375
3 0.4453125 0.21328125 0.0671875 0.05625
3 0.32109375 0.17734375 0.0640625 0.04296875
3 0.153125 0.18046875 0.071875 0.05234375
5 0.6359375 0.1375 0.040625 0.02734375