2 0.2457765625 0.35923333281250003 0.23310781249999998 0.36373958281249996 0.2293078125 0.36880625 0.2335296875 0.3744375 0.240709375 0.3755625 0.24450937499999997 0.3772520828125 0.24704375 0.3840083328125 0.24831093750000002 0.3851354171875 0.2571796875 0.3840083328125 0.26815937500000003 0.38175625 0.2854734375 0.3727479171875 0.2825171875 0.3581083328125 0.2706921875 0.3541666671875 0.256334375 0.35585625 0.2457765625 0.35923333281250003
2 0.5270265625 0.4363729171875 0.536740625 0.4420041671875 0.5418078125 0.4363729171875 0.5608109375 0.4290541671875 0.581503125 0.42173333281250003 0.599240625 0.4110354171875 0.6085296875 0.3992125 0.606840625 0.38063125000000003 0.6013515625 0.3721854171875 0.5891046875 0.37612708281249996 0.5722125 0.39076666718749997 0.5460296875 0.40315416718749997 0.5240703124999999 0.40540624999999997 0.5173140625 0.4110354171875 0.5177359375 0.4284916671875 0.5270265625 0.4363729171875
2 0.6152875 0.4352479171875 0.625 0.41722916718749997 0.61613125 0.399775 0.6081078125 0.399775 0.5945953125 0.41328750000000003 0.574746875 0.4222979171875 0.55574375 0.43130625 0.5426515625 0.4363729171875 0.5371625 0.4391895828125 0.53505 0.4521395828125 0.541384375 0.462275 0.5646109375 0.4611479171875 0.5878375 0.4543916671875 0.6152875 0.4352479171875
2 0.6292234375 0.4465083328125 0.6309125 0.4527020828125 0.63386875 0.45720625000000004 0.6393578125 0.4611479171875 0.64949375 0.4628375 0.6659625 0.46340000000000003 0.6798984375 0.46340000000000003 0.6896109375 0.4583333328125 0.6934125 0.4470729171875 0.6989015625 0.4369375 0.706925 0.4273645828125 0.705659375 0.41835625 0.697634375 0.4138520828125 0.687921875 0.4138520828125 0.671875 0.41553958281250003 0.655828125 0.41891875 0.649915625 0.42455 0.6427359375 0.4352479171875 0.6292234375 0.4465083328125
2 0.7896953124999999 0.3338958328125 0.786740625 0.3350229171875 0.7795609375 0.34346875 0.7795609375 0.35529375 0.7884296875000001 0.3648645828125 0.8010984375 0.3648645828125 0.8175671875000001 0.3643020828125 0.831503125 0.36205 0.8475078125 0.3491 0.8475078125 0.3384 0.842440625 0.3333333328125 0.827703125 0.3293916671875 0.8141890625 0.32995416718750004 0.803209375 0.33051875000000003 0.7951859375 0.33164375 0.7896953124999999 0.3338958328125
2 0.8517312499999999 0.4853604171875 0.8644000000000001 0.4786041671875 0.8817140625000001 0.4774770828125 0.8994515625 0.4769145828125 0.9125421875 0.4769145828125 0.922678125 0.47972916718749997 0.940371875 0.4763520828125 0.9386828125 0.46790624999999997 0.931925 0.4628375 0.9230578125 0.45664375 0.9158781250000001 0.44425625 0.915034375 0.4386270828125 0.9103890625 0.4324333328125 0.8947640625 0.4301791671875 0.8799828125 0.4324333328125 0.8736484375 0.4335583328125 0.866046875 0.4341208328125 0.8483109375 0.4335583328125 0.838175 0.4391895828125 0.8339531250000001 0.44425625 0.8318828125 0.44425625 0.8272375000000001 0.46171249999999997 0.8310390625 0.4707208328125 0.8403296875 0.4831083328125 0.8517312499999999 0.4853604171875
2 0.9302359375 0.462275 0.9424828125 0.46903125 0.9589531250000001 0.47409999999999997 0.9758453125000001 0.4876125 0.9876687499999999 0.49436875 0.9978046875000001 0.4960583328125 0.9984375 0.48198125 0.996959375 0.43130625 0.9788 0.41948125 0.9606421875000001 0.41159999999999997 0.9454390625 0.4048416671875 0.928125 0.4042791671875 0.9201015625 0.4104729171875 0.912921875 0.4211708328125 0.9103890625 0.43074375 0.9167234375 0.44425625 0.9302359375 0.462275
2 0.986825 0.4268020828125 0.9965375 0.4329958328125 0.9982265625 0.4082208328125 0.9800671875000001 0.41159999999999997 0.9737328125 0.4149770828125 0.977534375 0.4211708328125 0.986825 0.4268020828125
2 0.9758453125000001 0.3840083328125 0.990625 0.3856979171875 0.9961156250000001 0.3890770828125 0.9984375 0.39076666718749997 0.9984375 0.3671166671875 0.9880906250000001 0.36880625 0.9796453125 0.3721854171875 0.975421875 0.38006666718750004 0.9758453125000001 0.3840083328125
2 0.9751421875 0.34465625 0.9727656250000001 0.3378625 0.9676703124999999 0.3342395828125 0.9622343750000001 0.33288125 0.9544218750000001 0.3315208328125 0.9466093750000001 0.3306166671875 0.9398171874999999 0.331975 0.9326828125000001 0.3365041671875 0.928946875 0.34103333281250003 0.9269093749999999 0.34646666718749997 0.9290078125000001 0.3519020828125 0.9398781250000001 0.3528083328125 0.951765625 0.3519020828125 0.9751421875 0.3541666671875 0.9751421875 0.34465625
2 0.975821875 0.38768125000000003 0.9829546875 0.3899458328125 0.9887296875 0.3890395828125 0.9979015625000001 0.3903979171875 0.998240625 0.3659416671875 0.9887296875 0.3663958328125 0.984653125 0.37047083281250004 0.9775203125 0.3781708328125 0.975821875 0.38768125000000003
2 0.9632546874999999 0.30751875 0.9605359375000001 0.31476458281249997 0.9605359375000001 0.31929375000000004 0.9632546874999999 0.3224645828125 0.9666515625000001 0.3238229171875 0.9720859374999999 0.3238229171875 0.9782 0.3238229171875 0.9805781250000001 0.3238229171875 0.9873703125000001 0.3238229171875 0.9917859375000001 0.3238229171875 0.9962031250000001 0.32336875 0.9984375 0.3229166671875 0.9984375 0.2984604171875 0.99484375 0.2993666671875 0.9866921874999999 0.3011770828125 0.9761609375000001 0.3029895828125 0.9676703124999999 0.3052541671875 0.9632546874999999 0.30751875
2 0.9785390625 0.3342395828125 0.9751421875 0.3346916671875 0.9737843749999999 0.34148541718750003 0.9744640625000001 0.34782708281249997 0.9771812499999999 0.3577895828125 0.9795578125000001 0.363225 0.9853328125 0.3673 0.9928062499999999 0.3677541671875 0.9984375 0.36820624999999996 0.9984375 0.33695624999999996 0.9955234374999999 0.3365041671875 0.9894093749999999 0.3351458328125 0.9832953124999999 0.3351458328125 0.9785390625 0.3342395828125
0 0.9061890625 0.3591479171875 0.8990562499999999 0.3663958328125 0.90109375 0.3822458328125 0.9082265625 0.3922104171875 0.91875625 0.3962854171875 0.9286078124999999 0.3926625 0.941175 0.38949375 0.95000625 0.38949375 0.961215625 0.3890395828125 0.9717453125000001 0.3872291671875 0.9778593750000001 0.3786229171875 0.9815968749999999 0.3691125 0.9805781250000001 0.3627708328125 0.9710671874999999 0.35643125000000003 0.9496671875 0.3559791671875 0.9360796875 0.3559791671875 0.91875625 0.355525 0.9061890625 0.3591479171875
0 0.9642734374999999 0.3881333328125 0.9462703125 0.3885875 0.93438125 0.3922104171875 0.9218140625 0.39538125 0.9157 0.40036250000000007 0.9150203125 0.4098729171875 0.9228328125 0.41304375000000004 0.9296265625 0.4076083328125 0.9438921875 0.4039854171875 0.94695 0.4048916671875 0.9584984375 0.40806250000000005 0.9673296875 0.41395 0.9717453125000001 0.41576041718749995 0.9785390625 0.41168541718749996 0.98906875 0.4094208328125 0.9965421875 0.4089666671875 0.9984375 0.4085145828125 0.9984375 0.3922104171875 0.9951828125000001 0.3903979171875 0.9815968749999999 0.3903979171875 0.97344375 0.3890395828125 0.9642734374999999 0.3881333328125
0 0.8450468750000001 0.38768125000000003 0.8253468749999999 0.3931166671875 0.819571875 0.40443749999999995 0.8202515625 0.41077916718749996 0.8345171875 0.41123125 0.847425 0.41032708281249997 0.8613515625 0.41213749999999993 0.8749390625 0.4148541671875 0.8807140625000001 0.4211958328125 0.8851296874999999 0.42346041718749994 0.8905640625 0.425725 0.9017734374999999 0.4288958328125 0.9082265625 0.4261770828125 0.9102656250000001 0.4184791671875 0.9116234375 0.4067020828125 0.91094375 0.3999104171875 0.9051703124999999 0.39175625 0.8926015625 0.3899458328125 0.8749390625 0.3881333328125 0.8555781250000001 0.386775 0.8450468750000001 0.38768125000000003
0 0.7869640625 0.44836875000000004 0.7985125 0.4538041671875 0.8087031250000001 0.45969166718750004 0.8239875 0.4615041671875 0.8277234375000001 0.4565208328125 0.8334984375 0.44293541718749996 0.8416515625000001 0.43840625 0.8525203125 0.43342291718750003 0.8667859375000001 0.4311604171875 0.8773171874999999 0.4311604171875 0.88445 0.4302541671875 0.88445 0.42663124999999996 0.8803734375 0.42074375 0.8735796875 0.4166666671875 0.8647484375 0.41395 0.8548984374999999 0.4125895828125 0.84063125 0.4125895828125 0.827384375 0.41168541718749996 0.8199109375000001 0.41123125 0.8114203124999999 0.41077916718749996 0.8076828125000001 0.41032708281249997 0.7934171875 0.41530833281249996 0.7886609375 0.4225541671875 0.785265625 0.43297083281250004 0.7869640625 0.44836875000000004
0 0.5733078125 0.3885875 0.586215625 0.37952916718749996 0.5981046875 0.3673 0.6001421875 0.3636770828125 0.6011609375 0.3473729171875 0.59640625 0.33967291718750003 0.5879140625 0.3383145828125 0.5773843750000001 0.34465625 0.57093125 0.34873125 0.552928125 0.3577895828125 0.5379828125 0.3645833328125 0.52813125 0.37092291718750003 0.515578125 0.3745479171875 0.512859375 0.3831520828125 0.51218125 0.394475 0.524734375 0.4057979171875 0.534925 0.4039854171875 0.5427375 0.40081458281250004 0.5600609375000001 0.3958333328125 0.5733078125 0.3885875
0 0.534259375 0.36413125 0.5485265625 0.35824375 0.5604140625 0.3523541671875 0.570265625 0.34646666718749997 0.581134375 0.34148541718750003 0.5869093750000001 0.33605 0.5906453125 0.32699375 0.5899656249999999 0.3161229171875 0.58555 0.30751875 0.578078125 0.3061604171875 0.572303125 0.30797083281250004 0.56686875 0.31114166718749997 0.5529421875 0.3197458328125 0.5329015625 0.331975 0.512859375 0.33922083281250004 0.5053875 0.3455625 0.5013109375 0.35824375 0.507425 0.3668479171875 0.5115015625 0.37047083281250004 0.5179546875 0.3686604171875 0.534259375 0.36413125
0 0.542071875 0.32518125000000003 0.5614328125 0.31476458281249997 0.5750203125 0.30570624999999996 0.5777375 0.30163125 0.5794359375 0.2916666671875 0.5790968750000001 0.28215625 0.5757 0.27445624999999996 0.5665281249999999 0.2708333328125 0.5610937500000001 0.2730979171875 0.5495453125 0.2776270828125 0.542071875 0.2807979171875 0.5301828125 0.28895 0.5138796875 0.2971020828125 0.5002921875 0.3034416671875 0.49214062500000005 0.31657708281249997 0.493159375 0.3288041671875 0.5013109375 0.33605 0.51218125 0.3383145828125 0.5237296875 0.3355979171875 0.542071875 0.32518125000000003
0 0.8491375 0.5466125 0.8735937500000001 0.5502354171875 0.899409375 0.5547645828125 0.9276015624999999 0.55159375 0.945265625 0.5434416671875 0.95375625 0.5361958328124999 0.9557953124999999 0.5099270828125 0.9500203125000001 0.4981520828125 0.94186875 0.48864166718749996 0.937453125 0.48637708281250003 0.9221671875 0.48184791718750003 0.911296875 0.4800354171875 0.8882 0.4764125 0.8718953125000001 0.4764125 0.8504953125 0.4813958328125 0.8467593750000001 0.48230000000000006 0.8389468750000001 0.48596041718749994 0.8267187500000001 0.4995479171875 0.825359375 0.5135875000000001 0.829096875 0.53125 0.8491375 0.5466125
1 0.5458078125 0.4379520828125 0.5322218750000001 0.45063333281249995 0.525428125 0.4601458328125 0.526446875 0.48188333281249995 0.5271265625 0.48278958281250006 0.5502234374999999 0.48188333281249995 0.5777375 0.4769020828125 0.6052515625 0.4664854171875 0.6432953125 0.4352354171875 0.6524656249999999 0.4225541671875 0.6521265625 0.41304375000000004 0.6422765625 0.39855 0.5875890625 0.4166666671875 0.54343125 0.26086875 0.544109375 0.2481875 0.5563390625 0.238225 0.5339203125 0.21557916718749998 0.5193140625 0.22554375000000002 0.51218125 0.2604166671875 0.5315421875 0.25271666718749997 0.5719640625 0.42300625 0.5689062500000001 0.4270833328125 0.5458078125 0.4379520828125
0 0.3828125 0.3697916671875 0.376953125 0.36545208281249997 0.3645828125 0.3637145828125 0.353515625 0.36545208281249997 0.3470046875 0.3715270828125 0.3450515625 0.375 0.3463546875 0.3871520828125 0.3684890625 0.3854166671875 0.3756515625 0.38454791718750003 0.3873703125 0.37586875000000003 0.3828125 0.3697916671875
3 0.534375 0.2390625 0.03984375 0.03671875
3 0.01171875 0.05390625 0.021875 0.0328125
4 0.70546875 0.15390625 0.0140625 0.01640625