0 0.5734375 0.63359375 0.08125 0.04765625
0 0.40078125 0.6359375 0.0828125 0.046875
2 0.45625 0.56875 0.06015625 0.028125
0 0.04453125 0.8859375 0.0890625 0.1203125
0 0.45390625 0.59296875 0.06328125 0.03828125
2 0.38046875 0.571875 0.04140625 0.028125
2 0.05625 0.7604166671875 0.0796875 0.7729166671875001 0.125 0.7729166671875001 0.1625 0.7583333328124999 0.1734375 0.7458333328125 0.1734375 0.7208333328125 0.165625 0.70625 0.11875 0.6979166671875 0.0609375 0.71875 0.053125 0.73125 0.05625 0.7604166671875
2 0.1385421875 0.6604166671875 0.13125 0.6305562499999999 0.0921875 0.6284729171875 0.0578125 0.6354166671875 0.044792187500000004 0.6479166671875001 0.0546875 0.6791666671875001 0.10416718750000001 0.6763895828125001 0.1385421875 0.6604166671875
2 0.0713546875 0.6076395828125001 0.0208328125 0.6083333328125 0 0.6305562499999999 0.0098953125 0.6527770828125 0.0442703125 0.6486104171875 0.06510468750000001 0.6340270828125 0.0859375 0.6291666671875 0.0875 0.6173604171875 0.0713546875 0.6076395828125001
2 0.1932296875 0.4986104171875 0.1921875 0.5125 0.2119796875 0.5659729171875 0.2348953125 0.5604166671875 0.2114578125 0.50069375 0.1932296875 0.4986104171875
1 0.3 0.64444375 0.3286453125 0.5881937500000001 0.40260468749999995 0.6090270828125 0.4234375 0.6097229171875 0.41510468749999996 0.58125 0.403125 0.5798604171874999 0.4015625 0.5965270828125 0.3239578125 0.5708333328124999 0.3239578125 0.5020833328125 0.29375 0.49513958281250003 0.2901046875 0.4972229171875 0.2640625 0.5604166671875 0.2614578125 0.63680625 0.2885421875 0.6534729171875 0.3 0.64444375
1 0.44004374999999996 0.5193791671875 0.45603125 0.5271312499999999 0.457121875 0.5145354171875 0.4436765625 0.510175 0.43495625000000004 0.4568791671875 0.40734062499999996 0.4549416671875 0.3848109375 0.5 0.3884453125 0.5518416671875 0.42078437500000004 0.5605625 0.44004374999999996 0.5193791671875
0 0.4517515625 0.5000979171875 0.44339375 0.50155 0.4346734375 0.5272291671875 0.4350359375 0.5466083328125 0.45356874999999997 0.55290625 0.4750078125 0.5340125 0.47537031250000006 0.5102708328125 0.468103125 0.5010666671874999 0.4517515625 0.5000979171875
0 0.45901875 0.4937979171875 0.45284218750000005 0.5010666671874999 0.46701249999999994 0.5010666671874999 0.476096875 0.5112395828125 0.47900468749999997 0.53885625 0.487725 0.5344958328125 0.4895421875 0.50155 0.4771875 0.49186041718749995 0.45901875 0.4937979171875
3 0.7328125 0.2109375 0.0515625 0.0359375