0 0.32578125 0.0078125 0.0765625 0.015625
0 0.32734375 0.03359375 0.0734375 0.03125
0 0.35625 0.5515625 0.12265625 0.13671875
0 0.38671875 0.715625 0.15 0.17265625
0 0.45465625000000004 0.8366645828125 0.3843640625 0.8899291671875 0.3366359375 0.8829812499999999 0.3036578125 0.8436125000000001 0.3001875 0.8690875 0.33490000000000003 0.9246666671874999 0.417340625 0.93045625 0.455525 0.87835 0.45465625000000004 0.8366645828125
0 0.46094843750000003 0.8341145828125001 0.459559375 0.80725 0.42901249999999996 0.8294833328125 0.39985468750000003 0.8498625000000001 0.34292656250000003 0.8433770828125 0.297221875 0.7921291671875 0.2950234375 0.8424520828125001 0.335984375 0.8813583328125001 0.3783328125 0.8859895828125 0.46094843750000003 0.8341145828125001
0 0.4602546875 0.7831666671875 0.414434375 0.8091041671875001 0.367225 0.8192937499999999 0.3380671875 0.8016916671875001 0.3082140625 0.7646395828125 0.2978015625 0.73314375 0.2950234375 0.7877979171875 0.33876093749999997 0.8387458328124999 0.3949953125 0.8470833328125 0.459559375 0.8053979171875 0.4602546875 0.7831666671875
2 0.2693375 0.1089166671875 0.2415671875 0.1478229171875 0.2283765625 0.18950833281249999 0.2457328125 0.2200770828125 0.29571875 0.19506666718750001 0.32348750000000004 0.14875 0.3116859375 0.1024333328125 0.2693375 0.1089166671875
2 0.0020515625 0.20154999999999998 0.004134375 0.3238270828125 0.0520375 0.2969625 0.0631453125 0.2552770828125 0.041625 0.2108145828125 0.0020515625 0.20154999999999998
2 0.047178125 0.2988145828125 0.0006640624999999999 0.3229 0 0.3712958328125 0.047178125 0.3488375 0.074253125 0.30993125 0.063840625 0.2626875 0.047178125 0.2988145828125
2 0.046484375 0.35254375 0 0.37199583281250004 0.0020515625 0.40997500000000003 0.04370625 0.39237500000000003 0.0707828125 0.3608791671875 0.0700890625 0.3238270828125 0.046484375 0.35254375
2 0.07494843749999999 0.35346875 0.043012499999999995 0.39515416718749996 0.0006640624999999999 0.40997500000000003 0.0024312500000000003 0.44074166718749996 0.044401562500000005 0.4331333328125 0.07980781249999999 0.40256458281249996 0.08744375 0.3655125 0.07494843749999999 0.35346875