2 0.7998046875 0.2994791671875 0.7724609375 0.2838541671875 0.7490234375 0.2838541671875 0.716796875 0.30078125 0.712890625 0.3346354171875 0.7255859375 0.3567708328125 0.7490234375 0.3723958328125 0.78515625 0.3736979171875 0.8037109375 0.3671875 0.81640625 0.3450520828125 0.81640625 0.3268229171875 0.7998046875 0.2994791671875
2 0.220703125 0.5638020828125 0.2099609375 0.546875 0.1767578125 0.53125 0.1513671875 0.53125 0.1201171875 0.5442708328125 0.1015625 0.56640625 0.095703125 0.5846354171875 0.09765625 0.6236979171875 0.1220703125 0.6484375 0.16796875 0.6549479171875 0.1982421875 0.6432291671875 0.21484375 0.6263020828125 0.224609375 0.59765625 0.220703125 0.5638020828125
2 0 0.24088541718749998 0.017578125 0.24088541718749998 0.04296875 0.22526041718749998 0.048828125 0.1731770828125 0.0244140625 0.1302083328125 0.0029296875 0.1171875 0 0.1653645828125 0.009765625 0.1731770828125 0.01171875 0.1888020828125 0 0.19140625 0 0.24088541718749998
2 0.033203125 0.5768229171875 0.0126953125 0.5598958328125 0 0.5611979171875 0.00390625 0.6809895828125 0.0234375 0.6627604171875 0.04296875 0.6263020828125 0.04296875 0.6028645828125 0.033203125 0.5768229171875
2 0 0.7174479171875 0.005859375 0.7174479171875 0.04296875 0.67578125 0.0439453125 0.6354166671875 0.0146484375 0.6770833328125 0 0.68359375 0 0.7174479171875
0 0.3447265625 0.4583333328125 0.3193359375 0.4427083328125 0.2666015625 0.4427083328125 0.2412109375 0.4557291671875 0.21875 0.48828125 0.21484375 0.5247395828125 0.2392578125 0.5703125 0.30078125 0.5794270828125 0.3447265625 0.5598958328125 0.37109375 0.5299479171875 0.361328125 0.48046875 0.3447265625 0.4583333328125
0 0.380859375 0.59765625 0.3720703125 0.5338541671875 0.3212890625 0.5755208328125 0.2724609375 0.5807291671875 0.2451171875 0.5729166671875 0.23828125 0.5794270828125 0.2412109375 0.5989583328125 0.2744140625 0.6145833328125 0.3203125 0.6158854171875 0.3447265625 0.609375 0.3720703125 0.5859375 0.375 0.59765625 0.380859375 0.59765625
0 0.3759765625 0.5729166671875 0.3486328125 0.6067708328125 0.3173828125 0.6171875 0.2763671875 0.6145833328125 0.23828125 0.5924479171875 0.2421875 0.6236979171875 0.2529296875 0.6458333328125 0.2841796875 0.6692708328125 0.3125 0.6705729171875 0.3466796875 0.6588541671875 0.37109375 0.6341145828125 0.380859375 0.61328125 0.3759765625 0.5729166671875
0 0.37109375 0.63671875 0.3330078125 0.6692708328125 0.2880859375 0.6744791671875 0.2587890625 0.6536458328125 0.2412109375 0.6276041671875 0.232421875 0.6471354171875 0.232421875 0.6783854171875 0.240234375 0.69921875 0.2724609375 0.7317708328125 0.314453125 0.7330729171875 0.3447265625 0.71875 0.365234375 0.6966145828125 0.375 0.6705729171875 0.37109375 0.63671875
0 0.1806640625 0.1223958328125 0.1611328125 0.1015625 0.1259765625 0.1015625 0.091796875 0.1263020828125 0.08984375 0.1549479171875 0.0966796875 0.1692708328125 0.1220703125 0.1848958328125 0.14453125 0.18359375 0.1728515625 0.1666666671875 0.1845703125 0.1458333328125 0.19140625 0.1549479171875 0.1806640625 0.1223958328125
0 0.173828125 0.19140625 0.1669921875 0.1953125 0.1591796875 0.1822916671875 0.1201171875 0.1848958328125 0.09375 0.1705729171875 0.095703125 0.1940104171875 0.1201171875 0.21875 0.15625 0.21744791718749998 0.1904296875 0.20052083281250002 0.193359375 0.17578125 0.1650390625 0.1744791671875 0.173828125 0.19140625