0 0.6005859375 0.61263125 0.5668953125 0.6080729171875 0.532715625 0.6171875 0.53515625 0.6373708328125 0.5512703125 0.6536458328125 0.5791015625 0.6549479171875 0.601075 0.6503916671875001 0.61279375 0.6354166671875 0.6123046875 0.62044375 0.6005859375 0.61263125
0 0.5004890625 0.5755208328125 0.49365312499999997 0.5729166671875 0.4482421875 0.57421875 0.4365234375 0.5852875 0.4384765625 0.6015625 0.45361406249999997 0.6145833328125 0.49609375 0.61328125 0.5083015625 0.6035166671875001 0.5068359375 0.58919375 0.5004890625 0.5755208328125
0 0.43896562499999997 0.6490895828125 0.44287187499999997 0.6386729171875001 0.4423828125 0.62044375 0.4306640625 0.6106770828125 0.4189453125 0.608725 0.38671875 0.6106770828125 0.3759765625 0.6113291671875001 0.36181718749999997 0.625 0.36181718749999997 0.6419270828125 0.37255937499999997 0.6549479171875 0.41015625 0.6608083328125 0.43896562499999997 0.6490895828125
0 0.36181718749999997 0.62890625 0.37255937499999997 0.6119791671875 0.39453125 0.6106770828125 0.3955078125 0.6009125 0.3857421875 0.5911458328125 0.34033281249999997 0.5904958328125 0.31884843749999997 0.6061208328125 0.322265625 0.6041666671875 0.32275468749999997 0.6217458328125 0.33056718749999997 0.6295583328125 0.36377031249999997 0.6302083328125 0.36181718749999997 0.62890625
2 0.208984375 0.5651041671875 0.2255859375 0.55859375 0.2255859375 0.55013125 0.21435624999999997 0.5136729171875001 0.2041015625 0.4973958328125 0.194825 0.4980479171875 0.1943359375 0.51888125 0.19921875 0.5384125 0.208984375 0.5651041671875
2 0.0890625 0.6322916671875001 0.084375 0.61875 0.071875 0.6104166671875 0.0390625 0.6104166671875 0.01953125 0.6166666671875001 0.00078125 0.63125 0.00625 0.6416666671875 0.0234375 0.659375 0.0453125 0.6541666671875 0.05703125 0.6385416671875 0.0890625 0.6322916671875001
2 0.13203125 0.634375 0.11484375 0.6302083328125 0.08984375 0.6291666671875 0.06328125 0.6364583328125 0.0453125 0.6520833328125 0.05078125 0.675 0.06640625 0.678125 0.103125 0.6770833328125 0.12734375 0.6697916671875 0.13515625 0.6572916671875 0.13203125 0.634375
2 0.11875 0.7697916671875 0.1640625 0.753125 0.17421875 0.734375 0.1703125 0.7145833328125 0.1609375 0.7052083328125 0.13203125 0.696875 0.0890625 0.7020833328125 0.06484375 0.715625 0.05625 0.73125 0.0578125 0.7510416671875 0.0734375 0.7635416671875 0.0921875 0.7697916671875 0.11875 0.7697916671875
0 0.090625 0.8885416671874999 0.09609375 0.8645833328125001 0.07578125 0.83125 0.0375 0.8208333328125 0.00078125 0.8239583328125001 0.003125 0.95 0.03671875 0.9333333328125001 0.07890625 0.903125 0.090625 0.8885416671874999
2 0.39296875 0.59375 0.403125 0.5791666671875 0.39453125 0.5583333328125 0.35703125 0.5552083328124999 0.35078125 0.5583333328125 0.35859375 0.5895833328125 0.39296875 0.59375
2 0.47578125 0.5572916671875 0.4453125 0.559375 0.4296875 0.5635416671875 0.425 0.5802083328125 0.4375 0.5916666671875 0.4484375 0.5760416671875 0.4875 0.5729166671875 0.4875 0.5677083328125 0.47578125 0.5572916671875
1 0.4890625 0.525 0.465625 0.5270833328125 0.46015625 0.509375 0.46015625 0.428125 0.46640625 0.41875 0.4609375 0.40208333281249997 0.45 0.39895833281250004 0.44375 0.41770833281249997 0.4515625 0.42291666718750004 0.446875 0.521875 0.44921875 0.534375 0.41953125 0.5354166671875 0.4359375 0.553125 0.49140625 0.546875 0.49921875 0.5354166671875 0.4890625 0.525
1 0.3625 0.5354166671875 0.34609375 0.5395833328124999 0.359375 0.5541666671875001 0.39921875 0.55 0.40703125 0.5458333328125 0.41484375 0.5322916671875 0.38046875 0.534375 0.37890625 0.425 0.3890625 0.42395833281249995 0.37734375 0.40625 0.37109375 0.40833333281249995 0.3625 0.428125 0.3703125 0.4302083328125 0.36953125 0.534375 0.3625 0.5354166671875
3 0.73203125 0.21171875 0.0546875 0.03671875
3 0.37578125 0.4171875 0.02421875 0.01875
3 0.4546875 0.41328125 0.021875 0.01640625