2 0.4189453125 0.5143229171875 0.42724687499999997 0.50390625 0.42431718749999997 0.4921875 0.4130859375 0.48502708281249995 0.40185624999999997 0.483725 0.39209062499999997 0.484375 0.37548906249999997 0.48763125 0.36767656249999997 0.4947916671875 0.36962968749999997 0.50390625 0.38818437499999997 0.5045583328125 0.39990312499999997 0.5162770828125 0.4189453125 0.5143229171875
0 0.94921875 0.5768229171875 0.9599609375 0.5878916671875001 0.974609375 0.5924479171875 0.9984375 0.5963541671875 0.9984375 0.5436208328125 0.97216875 0.5436208328125 0.958984375 0.5475270828125 0.9477546875 0.5572916671875 0.94921875 0.5768229171875
2 0.462890625 0.7734375 0.4794921875 0.7526041671875 0.4892578125 0.71875 0.5161140625 0.6464854171875001 0.517090625 0.6315104171875 0.5166015625 0.6104812500000001 0.5083015625 0.6046229171874999 0.498046875 0.6020187499999999 0.48584062499999997 0.6085291671874999 0.470703125 0.63671875 0.43798906249999997 0.7421875 0.439453125 0.765625 0.44970781249999997 0.7760416671875 0.462890625 0.7734375
0 0.4970703125 0.7843104171874999 0.5107421875 0.7738937499999999 0.5200203125 0.7543624999999999 0.560059375 0.6612625000000001 0.564453125 0.6352208328125 0.5576171875 0.6150395828125 0.55029375 0.6078770828125 0.5380859375 0.6111333328125 0.52734375 0.6235020828125 0.5151375 0.6501958328125 0.47607499999999997 0.7615229171875 0.48046875 0.7745437500000001 0.48584062499999997 0.7810541671875 0.4970703125 0.7843104171874999
2 0.53125 0.7869145828125 0.5439453125 0.7843104171874999 0.5595703125 0.7804041671874999 0.5625 0.7699874999999999 0.5771484375 0.7432937500000001 0.61279375 0.6716791671875 0.6157234375 0.6469395828125 0.6142578125 0.6287104171875 0.6088875 0.6202479171874999 0.5981453125 0.6163416671874999 0.5908203125 0.6156895828125 0.571778125 0.6358729171874999 0.5390625 0.7087895828125 0.5200203125 0.7543624999999999 0.520996875 0.7745437500000001 0.53125 0.7869145828125
0 0.56640625 0.7830083328125 0.580078125 0.7908208328125 0.5947265625 0.7901687500000001 0.6059578125 0.7869145828125 0.6220703125 0.7699874999999999 0.6474609375 0.7322270828125 0.6704109375 0.6879562499999999 0.6723640625 0.6671229171874999 0.6625984375 0.6365229171875 0.6533203125 0.6313145828125 0.6416015625 0.6332687499999999 0.619140625 0.6488937499999999 0.6123046875 0.6664708328125 0.5981453125 0.7055333328125 0.564453125 0.7608729171874999 0.56640625 0.7830083328125
2 0.74609375 0.7244145828125 0.744140625 0.7016270828125 0.7368171875 0.6788416671874999 0.7158203125 0.6716791671875 0.70654375 0.6677729171875 0.6875 0.6690750000000001 0.6723640625 0.6775395828125 0.669921875 0.6892583328125 0.6474609375 0.7309249999999999 0.6318359375 0.7582687499999999 0.6083984375 0.7882166671874999 0.6352546875 0.80579375 0.6787109375 0.7947270828125 0.7309578125 0.7569666671874999 0.74609375 0.7244145828125
1 0.415178125 0.7993458328124999 0.44977656250000003 0.7383333328125 0.45870468750000004 0.6773208328125 0.6741078125 0.7457729171875 0.671875 0.76363125 0.7109375 0.7517270828125 0.7087046875 0.73089375 0.6841515625000001 0.6936895828125 0.6752234374999999 0.7189875 0.46651718750000004 0.6460708328125 0.48102656250000003 0.5791062499999999 0.483259375 0.5210708328125 0.45647343749999997 0.51785625 0.430803125 0.5699395828125 0.40625 0.6473208328125 0.40067031249999996 0.7874395828125 0.415178125 0.7993458328124999
0 0.5322921875 0.5291666671875 0.5447921874999999 0.5222229171875 0.55 0.5083333328124999 0.5375 0.5013895828125 0.509375 0.50694375 0.5041671875 0.5125 0.5125 0.5263895828125 0.5322921875 0.5291666671875
3 0.2953125 0.10390625 0.071875 0.05234375
4 0.8890625 0.3015625 0.025 0.01640625