0 0.733259375 0.63988125 0.7734375 0.6458333328125 0.8080359375 0.63839375 0.8125 0.6160708328125 0.7868296875 0.57886875 0.7790171875 0.5877979171875001 0.7421875 0.5818458328125 0.7165171875 0.5669645828125 0.71875 0.5550604171875 0.6852671875 0.5550604171875 0.6674109374999999 0.6026791671875 0.7008921875 0.6264875 0.733259375 0.63988125
0 0.7154015625000001 0.8050604171875 0.7533484374999999 0.7931541671875 0.774553125 0.7738104171875 0.7633921875 0.7529770828125 0.7544640625000001 0.76636875 0.6841515625000001 0.7470229171875 0.640625 0.7157729171875 0.6294640625000001 0.75 0.662946875 0.7827375 0.7154015625000001 0.8050604171875
0 0.787946875 0.76488125 0.780134375 0.7410708328125 0.7689734374999999 0.7589291671875 0.7767859374999999 0.7738104171875 0.787946875 0.76488125
0 0.9966515625 0.8005958328125 0.9609375 0.7767854171875 0.9330359375 0.7723208328125 0.9308031250000001 0.7901791671875 0.9542406250000001 0.8139875 0.9984375 0.82589375 0.9966515625 0.8005958328125
0 0.9397328125 0.8735125 0.953125 0.8705354171874999 0.9933031250000001 0.8839291671874999 0.9743296875 0.8526791671874999 0.9375 0.8333333328125001 0.8939734375 0.82589375 0.8794640625 0.8392854171874999 0.8973218749999999 0.8824395828125 0.9341515625 0.8973208328125001 0.9397328125 0.8735125
0 0.9984375 0.9449395828125 0.9285718749999999 0.9434520828125 0.9162953125 0.9791666671874999 0.9654015625 0.9979166671874999 0.9984375 0.9970229171874999 0.9984375 0.9449395828125
2 0.6986609374999999 0.6369041671875 0.6678058546875 0.61512460625 0.6584828125 0.64136875 0.7008921875 0.6875 0.796875 0.6934520828124999 0.7991078125 0.6577375 0.7522328125 0.6547625 0.6986609374999999 0.6369041671875
2 0.765625 0.7485125 0.7790171875 0.7261895828125 0.7734375 0.7083333328125 0.725446875 0.70386875 0.686384375 0.6904770828125 0.6584828125 0.6651791671875 0.6383921875 0.6830354171875 0.6618296875 0.7261895828125 0.704240625 0.7440479171875001 0.765625 0.7485125
2 0.7689734374999999 0.8363104171875 0.7633921875 0.8095229171874999 0.7131703125 0.8184520828125 0.6640625 0.8005958328125 0.6350453125 0.7693458328125 0.6294640625000001 0.79761875 0.6607140625000001 0.8318458328125 0.709821875 0.8482145828125001 0.7689734374999999 0.8363104171875
2 0.7700890625000001 0.9122020828125 0.782365625 0.8854166671874999 0.7779015625000001 0.8705354171874999 0.764509375 0.8526791671874999 0.743303125 0.8705354171874999 0.6953125 0.8526791671874999 0.6450890625000001 0.8318458328125 0.6428578125 0.8660708328125001 0.6830359374999999 0.9047625 0.741071875 0.92261875 0.7700890625000001 0.9122020828125
2 0.787946875 0.8482145828125001 0.8125 0.83035625 0.8258921875 0.8050604171875 0.7935265625000001 0.79761875 0.7767859374999999 0.8050604171875 0.7734375 0.8333333328125001 0.787946875 0.8482145828125001
2 0.9017859375 0.8199395828125 0.9319203125 0.8184520828125 0.9341515625 0.8005958328125 0.9162953125 0.76636875 0.8861609375 0.7514875 0.8671875 0.83035625 0.8761156250000001 0.82886875 0.9017859375 0.8199395828125
2 0.9854906250000001 0.8199395828125 0.9497765625 0.8199395828125 0.9386156250000001 0.82886875 0.9984375 0.8660708328125001 0.9984375 0.8422625 0.9854906250000001 0.8199395828125
2 0.9984375 0.9017854171874999 0.9263390625 0.9017854171874999 0.9073656250000001 0.9017854171874999 0.9029015625 0.9479166671874999 0.9375 0.9375 0.9984375 0.9360125 0.9984375 0.9017854171874999
2 0.9984375 0.6986104171874999 0.9984375 0.66944375 0.9729171875 0.6611104171875 0.9635421875000001 0.6736104171874999 0.9802078125 0.6902770828125 0.9984375 0.6986104171874999
1 0.7333328125 0.5763895828125001 0.6979171875 0.8263895828125 0.6354171875 0.8125 0.6041671875 0.8236104171875 0.59375 0.8652770828125 0.621875 0.9013895828124999 0.6625 0.9263895828125 0.715625 0.9486104171875 0.775 0.9541666671875 0.8020828124999999 0.9527770828125 0.8072921875000001 0.9125 0.80625 0.8888895828125 0.7760421875 0.8652770828125 0.7354171875 0.825 0.7625 0.5861104171875 0.7895828125000001 0.5736104171874999 0.765625 0.5402770828125 0.7416671874999999 0.5347229171875 0.7177078125 0.5569437500000001 0.7333328125 0.5763895828125001
3 0.64375 0.3421875 0.025 0.01953125
3 0.7515625 0.56015625 0.06875 0.0546875