2 0.26875 0.38229166718749996 0.281640625 0.3786458328125 0.284375 0.3671875 0.2828125 0.3567708328125 0.275390625 0.3526041671875 0.26328125 0.35208333281250004 0.2484375 0.3552083328125 0.2421875 0.3578125 0.234765625 0.3630208328125 0.231640625 0.36875 0.245703125 0.3760416671875 0.2484375 0.38229166718749996 0.253125 0.3859375 0.26875 0.38229166718749996
2 0.8023203125 0.39010416718749996 0.8167734375 0.3854166671875 0.8206796875 0.38229166718749996 0.8331796875 0.3807291671875 0.8409921875 0.38125 0.8421640625 0.3776041671875 0.8394296875 0.3708333328125 0.8312265625 0.36666666718749996 0.799609375 0.365625 0.787890625 0.3671875 0.77265625 0.3692708328125 0.762109375 0.3776041671875 0.758984375 0.3880208328125 0.7625 0.40052083281249995 0.769921875 0.4067708328125 0.777734375 0.40989583281249997 0.7863046875 0.41197916718750005 0.8007578125 0.40833333281249995 0.8023203125 0.39010416718749996
2 0.766796875 0.34427083281250004 0.77890625 0.3427083328125 0.78828125 0.340625 0.796484375 0.334375 0.798828125 0.3234375 0.796875 0.3151041671875 0.790625 0.3109375 0.780859375 0.3140625 0.7671875 0.31875 0.7484375 0.3177083328125 0.750390625 0.3463541671875 0.7515625 0.3463541671875 0.766796875 0.34427083281250004
2 0.79375 0.34427083281250004 0.7875 0.3416666671875 0.77421875 0.3453125 0.762109375 0.3463541671875 0.751171875 0.3473958328125 0.748046875 0.3692708328125 0.74921875 0.3723958328125 0.74921875 0.3697916671875 0.76640625 0.3692708328125 0.782421875 0.36666666718749996 0.794140625 0.35989583281250004 0.79375 0.34427083281250004
2 0.798046875 0.3515625 0.803515625 0.3536458328125 0.81171875 0.35625 0.81953125 0.3609375 0.824609375 0.3640625 0.8328125 0.3625 0.837109375 0.35989583281250004 0.842578125 0.3536458328125 0.847265625 0.3447916671875 0.847265625 0.3369791671875 0.843359375 0.334375 0.835546875 0.3328125 0.817578125 0.3328125 0.798828125 0.3328125 0.7953125 0.3421875 0.794921875 0.3473958328125 0.798046875 0.3515625
2 0.851953125 0.43125 0.840625 0.4375 0.830859375 0.446875 0.827734375 0.4609375 0.834765625 0.47083333281249995 0.84609375 0.4796875 0.8578125 0.4796875 0.874609375 0.4770833328125 0.894140625 0.478125 0.908984375 0.48020833281249997 0.914453125 0.48020833281249997 0.92421875 0.4817708328125 0.93203125 0.4817708328125 0.9375 0.47239583281249997 0.932421875 0.46979166718750004 0.92578125 0.4625 0.91953125 0.45520833281249995 0.91484375 0.4427083328125 0.91171875 0.43072916718750004 0.900390625 0.428125 0.8875 0.4270833328125 0.8703125 0.428125 0.851953125 0.43125
2 0.9359375 0.46875 0.95234375 0.4828125 0.973828125 0.49010416718750005 0.990234375 0.4984375 0.9984375 0.4994791671875 0.9984375 0.4375 0.98671875 0.42604166718750003 0.97578125 0.4171875 0.9640625 0.4088541671875 0.9453125 0.4078125 0.925 0.40520833281249996 0.9140625 0.41979166718750005 0.912890625 0.428125 0.915234375 0.43958333281249995 0.923046875 0.45677083281249997 0.9359375 0.46875
2 0.9734375 0.3875 0.973046875 0.3958333328125 0.97578125 0.4036458328125 0.979296875 0.41041666718750003 0.983984375 0.41302083281249996 0.98984375 0.4135416671875 0.995703125 0.415625 0.9984375 0.41614583281249995 0.9984375 0.3703125 0.990234375 0.3734375 0.980859375 0.3765625 0.97578125 0.3817708328125 0.9734375 0.3875
2 0.962109375 0.3098958328125 0.9609375 0.3177083328125 0.9625 0.32760416718749996 0.96484375 0.3333333328125 0.96953125 0.3369791671875 0.9765625 0.3401041671875 0.98203125 0.3421875 0.988671875 0.34322916718749996 0.995703125 0.34427083281250004 0.9984375 0.34427083281250004 0.9984375 0.29739583281250004 0.99140625 0.29739583281250004 0.97890625 0.3010416671875 0.96875 0.30520833281250004 0.962109375 0.3098958328125
2 0.961328125 0.33645833281250004 0.949609375 0.3359375 0.94921875 0.340625 0.948828125 0.3494791671875 0.95 0.353125 0.95625 0.3557291671875 0.96484375 0.3572916671875 0.971484375 0.35989583281250004 0.98046875 0.3671875 0.983984375 0.3729166671875 0.990625 0.3739583328125 0.9984375 0.37447916718749996 0.9984375 0.3458333328125 0.9890625 0.34375 0.982421875 0.3416666671875 0.973828125 0.3390625 0.961328125 0.33645833281250004
0 0.826171875 0.5265625 0.834765625 0.5390625 0.843359375 0.5458333328125 0.863671875 0.5526041671875 0.8828125 0.5552083328124999 0.902734375 0.5588541671875 0.921875 0.5567708328125 0.9375 0.5510416671875 0.948828125 0.54375 0.95390625 0.53125 0.954296875 0.5109375 0.948828125 0.4973958328125 0.940234375 0.490625 0.930078125 0.4869791671875 0.91953125 0.48333333281249996 0.900390625 0.4796875 0.878125 0.48020833281249997 0.866796875 0.48125 0.85078125 0.48125 0.83984375 0.48645833281249995 0.829296875 0.49583333281249997 0.824609375 0.5098958328125 0.826171875 0.5265625
0 0.79921875 0.4505208328125 0.81796875 0.4536458328125 0.8265625 0.45416666718750004 0.831640625 0.44947916718750003 0.83828125 0.4390625 0.848046875 0.43333333281249997 0.85703125 0.4302083328125 0.873046875 0.428125 0.881640625 0.428125 0.8875 0.4265625 0.885546875 0.4145833328125 0.87734375 0.40833333281249995 0.870703125 0.40625 0.859375 0.4036458328125 0.84921875 0.40208333281249997 0.833984375 0.4010416671875 0.821875 0.4010416671875 0.804296875 0.403125 0.798828125 0.4088541671875 0.791796875 0.4145833328125 0.78984375 0.42291666718750004 0.79375 0.44114583281249997 0.79921875 0.4505208328125
0 0.8203125 0.38229166718749996 0.805859375 0.3885416671875 0.797265625 0.3953125 0.7984375 0.40625 0.80859375 0.40052083281249995 0.81953125 0.4 0.832421875 0.4010416671875 0.845703125 0.40208333281249997 0.865625 0.4046875 0.873828125 0.40729166718750004 0.88046875 0.4109375 0.884765625 0.4036458328125 0.88984375 0.39375 0.874609375 0.3854166671875 0.85546875 0.3828125 0.837890625 0.38229166718749996 0.8203125 0.38229166718749996
0 0.887109375 0.4213541671875 0.89609375 0.4265625 0.909765625 0.42864583281249996 0.915234375 0.4203125 0.921875 0.41041666718750003 0.92734375 0.4067708328125 0.94765625 0.4046875 0.962890625 0.40729166718750004 0.97109375 0.4109375 0.980078125 0.4109375 0.978515625 0.4015625 0.97421875 0.39791666718749996 0.965234375 0.3947916671875 0.954296875 0.3921875 0.941796875 0.390625 0.9296875 0.390625 0.91875 0.390625 0.906640625 0.3927083328125 0.893359375 0.396875 0.8859375 0.403125 0.883984375 0.4109375 0.887109375 0.4213541671875
0 0.905078125 0.3916666671875 0.917578125 0.390625 0.92578125 0.3895833328125 0.941015625 0.3895833328125 0.953515625 0.3916666671875 0.965625 0.3942708328125 0.970703125 0.3947916671875 0.978125 0.3807291671875 0.983203125 0.3760416671875 0.983984375 0.3682291671875 0.9765625 0.3625 0.967578125 0.35989583281250004 0.955859375 0.35885416718749996 0.934765625 0.3572916671875 0.921484375 0.3567708328125 0.91640625 0.3567708328125 0.905859375 0.3619791671875 0.9 0.37447916718749996 0.90078125 0.3838541671875 0.905078125 0.3916666671875
0 0.793359375 0.28854166718749996 0.791015625 0.2869791671875 0.781640625 0.2864583328125 0.772265625 0.2864583328125 0.76640625 0.2875 0.754296875 0.28854166718749996 0.750390625 0.28854166718749996 0.75 0.3177083328125 0.773046875 0.3161458328125 0.791796875 0.309375 0.794921875 0.2984375 0.793359375 0.28854166718749996
0 0.76796875 0.2890625 0.77890625 0.2875 0.786328125 0.284375 0.79140625 0.2760416671875 0.791015625 0.2682291671875 0.787890625 0.2614583328125 0.7828125 0.2567708328125 0.776953125 0.25625 0.76640625 0.259375 0.748828125 0.2625 0.74921875 0.2901041671875 0.75859375 0.28958333281250004 0.76796875 0.2890625
0 0.762109375 0.2604166671875 0.7734375 0.25833333281250004 0.7828125 0.2552083328125 0.7890625 0.24635416718749997 0.787890625 0.2364583328125 0.784375 0.23020833281250003 0.774609375 0.22760416718749998 0.76015625 0.23020833281250003 0.747265625 0.23333333281250002 0.7484375 0.2619791671875 0.753515625 0.2625 0.762109375 0.2604166671875
0 0.7953125 0.2510416671875 0.788671875 0.2479166671875 0.783984375 0.253125 0.7875 0.2588541671875 0.7921875 0.26614583281250004 0.796484375 0.2776041671875 0.7984375 0.2869791671875 0.798828125 0.2916666671875 0.79921875 0.2947916671875 0.799609375 0.2984375 0.80234375 0.3 0.80703125 0.3 0.8078125 0.29635416718749996 0.809375 0.2869791671875 0.8078125 0.275 0.8015625 0.2598958328125 0.7953125 0.2510416671875
0 0.3677078125 0.3902770828125 0.3791671875 0.3875 0.3854171875 0.3736104171875 0.384375 0.3597229171875 0.359375 0.3625 0.346875 0.36944374999999996 0.3427078125 0.3902770828125 0.3677078125 0.3902770828125
3 0.7625 0.1921875 0.02421875 0.0234375
3 0.01171875 0.0484375 0.0234375 0.0328125
4 0.7046875 0.15546875 0.01640625 0.0171875