1 0.984375 0.14285625 0.9274546875 0.2202375 0.9754468749999999 0.21875 0.9430796875 0.5684520828124999 0.8582593749999999 0.5565479171875001 0.8002234375 0.5877979171875001 0.8024546875 0.6175604171875 0.8839281250000001 0.6875 0.9984375 0.7127979171875001 0.9984375 0.5818458328125 0.9709828125 0.5729166671875 0.9984375 0.28422708281250003 0.9984375 0.1458333328125 0.984375 0.14285625
1 0.671875 0.20238125 0.6986609374999999 0.20089375 0.6908484374999999 0.4672625 0.6540171875 0.49107083281249997 0.6875 0.5610125 0.7633921875 0.5580354171875 0.8080359375 0.5104166671875 0.8035718749999999 0.48660625 0.7142859374999999 0.46428541718750005 0.7287953125 0.20535625 0.751115625 0.20386875 0.7265625 0.1532729171875 0.696428125 0.1592270828125 0.671875 0.20238125
1 0.430803125 0.1964291671875 0.46317031249999996 0.19493958281249998 0.45535781249999996 0.45982083281249997 0.428571875 0.45386875 0.3616078125 0.48214375 0.399553125 0.5327375 0.5122765625000001 0.5357145828125 0.5647328125 0.5044645828125 0.5267859374999999 0.45386875 0.48214218750000004 0.45982083281249997 0.483259375 0.20684583281250002 0.48883906250000003 0.1979166671875 0.514509375 0.1964291671875 0.485490625 0.1443458328125 0.45647343749999997 0.1517854171875 0.430803125 0.1964291671875
1 0.462053125 0.57886875 0.5256703125 0.6592270828125 0.6640625 0.6651791671875 0.734375 0.6205354171875 0.7366078125 0.5967270828125 0.688615625 0.5550604171875 0.626115625 0.5357145828125 0.633928125 0.20386875 0.672990625 0.20535625 0.641740625 0.14136875 0.6049109374999999 0.13988125 0.5647328125 0.20833333281250002 0.5993296875 0.20684583281250002 0.5803578125 0.4970229171875 0.467634375 0.54613125 0.462053125 0.57886875
2 0.553571875 0.4717270828125 0.609375 0.4895833328125 0.6484375 0.49553541718750005 0.6919640625000001 0.49553541718750005 0.704240625 0.49256041718750004 0.717634375 0.45684583281249996 0.712053125 0.41815416718750004 0.6875 0.4032729171875 0.5825890625000001 0.3854166671875 0.547990625 0.4077375 0.5412953125 0.4434520828125 0.553571875 0.4717270828125
2 0.5814734374999999 0.46131041718750004 0.5524546875 0.46131041718750004 0.5412953125 0.48511875 0.5357140625000001 0.51339375 0.5546875 0.5416666671875 0.5970984374999999 0.5625 0.6283484374999999 0.5669645828125 0.6662953125 0.5729166671875 0.6919640625000001 0.5654770828125 0.7064734374999999 0.5580354171875 0.7131703125 0.54761875 0.71875 0.51636875 0.7075890625000001 0.48363125 0.6830359374999999 0.48660625 0.6372765625000001 0.48214375 0.6171875 0.47321458281249995 0.5814734374999999 0.46131041718750004
2 0.6328125 0.5595229171875 0.6305796875 0.5595229171875 0.579240625 0.5580354171875 0.5524546875 0.5401791671875 0.546875 0.5238104171875 0.5267859374999999 0.51785625 0.5078125 0.54613125 0.506696875 0.5684520828124999 0.5200890625000001 0.5892854171875 0.540178125 0.6056541671875 0.546875 0.61160625 0.5970984374999999 0.6145833328125 0.625 0.6160708328125 0.6540171875 0.6160708328125 0.672990625 0.5892854171875 0.6741078125 0.5625 0.6607140625000001 0.5639875 0.6328125 0.5595229171875
3 0.71171875 0.18046875 0.07734375 0.05234375
3 0.61875 0.171875 0.0953125 0.0640625
3 0.4703125 0.17421875 0.071875 0.05
3 0.9703125 0.1890625 0.059375 0.06484375