2 0.5203125 0.5354166671875 0.5671875 0.5416666671875 0.596875 0.5354166671875 0.60625 0.525 0.609375 0.5020833328125 0.603125 0.4895833328125 0.553125 0.48333333281249996 0.53125 0.4895833328125 0.515625 0.50625 0.5203125 0.5354166671875
2 0.7305484375 0.46853749999999994 0.7206625 0.4579083328125 0.7056765625 0.45493125 0.677934375 0.45493125 0.6610328125 0.4583333328125 0.647003125 0.46428541718750005 0.6380734375 0.47874166718750005 0.6418999999999999 0.49319791718749995 0.6511484375000001 0.5042520828125 0.6897328125 0.5085041671874999 0.7142859374999999 0.50085 0.7292734375000001 0.48809583281249996 0.7305484375 0.46853749999999994
2 0.678571875 0.5718541671875 0.70280625 0.57950625 0.727996875 0.57993125 0.743940625 0.5680270828125 0.75159375 0.5510208328124999 0.757015625 0.5437916671874999 0.7614796875 0.5412416671875 0.7608421875 0.5242354171875 0.759565625 0.5131812499999999 0.75 0.5106291671875 0.7356499999999999 0.5089291671875 0.7043999999999999 0.5123291671875 0.6833546875 0.51743125 0.6667734375000001 0.5318875000000001 0.664540625 0.5318875000000001 0.664859375 0.5586729171875 0.678571875 0.5718541671875
2 0.9186859374999999 0.5858833328124999 0.9186859374999999 0.5608 0.9081625000000001 0.5437916671874999 0.8925375000000001 0.5352895828124999 0.8676656250000001 0.5276354171875 0.8399234375000001 0.5263604171875 0.82653125 0.5289125 0.804528125 0.5361395828125 0.8051656250000001 0.5480437499999999 0.84470625 0.60714375 0.9005109375 0.6054416671875 0.9186859374999999 0.5858833328124999
2 0.9100765624999999 0.5051020828125 0.8960453125000001 0.5119041671875 0.8832906250000001 0.5182833328124999 0.8816968749999999 0.5272104171875001 0.9024234375000001 0.5365645828125001 0.9151781250000001 0.54761875 0.921875 0.564625 0.9225125000000001 0.5769562500000001 0.9301656250000001 0.5752541671875 0.9441968749999999 0.5625 0.95408125 0.5586729171875 0.9693875000000001 0.5582479171875 0.9869265625000001 0.5569729171875 0.9984375 0.5573979171875 0.9971296875 0.51360625 0.9776781250000001 0.5063770828124999 0.960140625 0.5055270828125 0.9352671875 0.5029770828125 0.9100765624999999 0.5051020828125
2 0.9716203125 0.4244979171875 0.95153125 0.42109791718749995 0.9196421875 0.4244979171875 0.9024234375000001 0.42619999999999997 0.8877546875 0.44618333281250006 0.8963640625 0.46488958281250004 0.9151781250000001 0.4695666671875 0.9470656249999999 0.47296875 0.976721875 0.4674416671875 0.98533125 0.4470333328125 0.9837374999999999 0.4308770828125 0.9716203125 0.4244979171875
2 0.5875 0.6604166671875 0.5984375 0.6875 0.63125 0.7041666671875 0.671875 0.7083333328125 0.7109375 0.6979166671875 0.7296875 0.68125 0.7375 0.64375 0.725 0.61875 0.6984375 0.6041666671875 0.6484375 0.6020833328124999 0.615625 0.6125 0.5953125 0.63125 0.5875 0.6604166671875
0 0.9235203125 0.62719375 0.9514796875 0.6381583328125 0.973684375 0.6513166671875 0.9984375 0.6491229171875 0.9983546875 0.5592104171875001 0.9564140625 0.5614041671875001 0.9309203125 0.5756583328125 0.921875 0.6030708328125 0.9235203125 0.62719375
0 0.8610203125 0.5197375 0.8782890625 0.52521875 0.8980265624999999 0.50986875 0.9136515624999999 0.5054833328125 0.907071875 0.48574583281250006 0.8667765624999999 0.46929791718749997 0.833059375 0.47478125000000004 0.8125 0.4813604171875 0.801809375 0.49671041718750003 0.8059203125 0.5208333328125 0.8215453125 0.5230270828125 0.8610203125 0.5197375
0 0.641446875 0.40570208281250003 0.63486875 0.382675 0.6167765625 0.3837729171875 0.6027953125 0.3859645828125 0.5863484375 0.3936395828125 0.5912828125 0.41118333281249997 0.6027953125 0.41557083281249996 0.6291125 0.41008750000000005 0.641446875 0.40570208281250003
0 0.5904609375 0.41008750000000005 0.5847046875 0.39692916718750004 0.5690796875 0.3947375 0.55263125 0.3958333328125 0.532071875 0.40570208281250003 0.53700625 0.42543958281250005 0.55674375 0.4287270828125 0.578125 0.42105208281250006 0.5896375 0.4188604171875 0.5904609375 0.41008750000000005
0 0.4046875 0.47083333281249995 0.428125 0.475 0.4625 0.45416666718750004 0.4671875 0.40625 0.4484375 0.3854166671875 0.43125 0.3854166671875 0.4109375 0.39791666718749996 0.4015625 0.4145833328125 0.4046875 0.47083333281249995
0 0.38125 0.43541666718750005 0.390625 0.4625 0.403125 0.45416666718750004 0.4046875 0.41041666718750003 0.421875 0.38125 0.40625 0.3770833328125 0.390625 0.3895833328125 0.38125 0.4145833328125 0.38125 0.43541666718750005
1 0.42604218749999995 0.47361041718749997 0.44895781250000005 0.4597229171875 0.45416718749999996 0.4826395828125 0.47552031250000004 0.4916666671875 0.4859375 0.475 0.48802031250000005 0.44861041718749994 0.4671875 0.44305625 0.4557296875 0.4465270828125 0.45104218749999997 0.4388895828125 0.4661453125 0.41180625 0.4348953125 0.33541666718749996 0.3828125 0.3395833328125 0.3520828125 0.4125 0.3739578125 0.4597229171875 0.42604218749999995 0.47361041718749997
1 0.3776046875 0.44930624999999996 0.3697921875 0.4715270828125 0.3723953125 0.4861104171875 0.3984375 0.49583333281249997 0.3984375 0.47569375 0.4739578125 0.4215270828125 0.48541718749999996 0.4548604171875 0.5244796875 0.4604166671875 0.5223953125 0.40625 0.48489531250000006 0.33819374999999996 0.45520781250000003 0.3347229171875 0.45416718749999996 0.36875 0.4635421875 0.4048604171875 0.3916671875 0.46388958281250003 0.3776046875 0.44930624999999996
3 0.8828125 0.07734375 0.03125 0.0203125
3 0.4703125 0.4671875 0.0328125 0.04765625
3 0.38515625 0.47265625 0.0296875 0.040625