1 0.5396640625 0.33894166718749996 0.540865625 0.3565708328125 0.5625 0.36378125 0.5907453125 0.3677875 0.6225968749999999 0.3541666671875 0.6376203125 0.34855833281250004 0.6274031250000001 0.3381416671875 0.5913468749999999 0.3357375 0.5859375 0.2155458328125 0.6009609375 0.2179479171875 0.58954375 0.1955125 0.5757218749999999 0.1955125 0.5655046875 0.21875 0.5769234375 0.21875 0.576321875 0.33173125 0.5594953125 0.3357375 0.5396640625 0.33894166718749996
2 0.268028125 0.3517625 0.2548078125 0.3533645828125 0.243990625 0.3581729171875 0.23798124999999998 0.3613791671875 0.232571875 0.3677875 0.236178125 0.37900625 0.247596875 0.3822125 0.27764375 0.37900625 0.286659375 0.3621791671875 0.278846875 0.3533645828125 0.268028125 0.3517625
2 0.9953359374999999 0.42548125 0.9773078125 0.4118583328125 0.9442546875 0.4038458328125 0.9226203125 0.41105833281250004 0.9148078125 0.42628125 0.92201875 0.4559291671875 0.9284859375 0.47195416718749994 0.97670625 0.49278750000000004 0.998340625 0.5008020828124999 0.9984375 0.45272500000000004 0.9953359374999999 0.42548125
2 0.8318749999999999 0.4695520828125 0.83608125 0.4823708328125 0.8571156249999999 0.4823708328125 0.8853609375 0.4767625 0.9039906249999999 0.47996875 0.9262265624999999 0.4791666671875 0.9382453125 0.4767625 0.92201875 0.4583333328125 0.9178124999999999 0.44471249999999996 0.9087984375 0.43028750000000004 0.88235625 0.42788541718750006 0.8547109374999999 0.4350958328125 0.8348796875 0.44951875 0.8318749999999999 0.4695520828125
2 0.8336781249999999 0.3717958328125 0.81985625 0.3677875 0.806634375 0.3653854171875 0.7922109374999999 0.3677875 0.7765859374999999 0.3677875 0.7615624999999999 0.3782041671875 0.7531484374999999 0.39503125 0.767571875 0.40785208281249996 0.7928124999999999 0.40945416718749994 0.794735875 0.4107368328125 0.795215625 0.40945416718749994 0.8000234374999999 0.3958333328125 0.8096390625 0.38701875 0.822259375 0.3822125 0.834278125 0.37980833281250004 0.8336781249999999 0.3717958328125
2 0.7868031249999999 0.3653854171875 0.8168515624999999 0.3669875 0.8246640624999999 0.3565708328125 0.8252640625 0.3509625 0.82045625 0.33894166718749996 0.8078359374999999 0.33894166718749996 0.78920625 0.3365375 0.767571875 0.34375 0.756153125 0.35576875 0.75795625 0.3669875 0.7585578125 0.3693916671875 0.77358125 0.37019166718749996 0.7868031249999999 0.3653854171875
2 0.980996875 0.3395270828125 0.9984375 0.34403125 0.9984375 0.29955 0.980575 0.3040541671875 0.9636828124999999 0.31137291718750004 0.9628375 0.3265770828125 0.980996875 0.3395270828125
2 0.9801515625 0.41159999999999997 0.9894421875000001 0.4121625 0.9978890625 0.412725 0.9984375 0.41159999999999997 0.9984375 0.3716208328125 0.9864859375 0.3766895828125 0.9733953124999999 0.38795 0.9717062500000001 0.4020270828125 0.9801515625 0.41159999999999997
2 0.942990625 0.3609229171875 0.9581921875000001 0.3609229171875 0.96875 0.3586708328125 0.975084375 0.35585625 0.980575 0.3474104171875 0.980996875 0.3395270828125 0.9733953124999999 0.32826666718749997 0.968328125 0.3265770828125 0.947634375 0.32826666718749997 0.9345437499999999 0.33446041718749997 0.934965625 0.35303958281250003 0.942990625 0.3609229171875
2 0.6165546875000001 0.3153145828125 0.6106421875 0.30743333281249996 0.5954390625 0.3158791671875 0.563542096875 0.3122483828125 0.5587 0.33108125 0.565034375 0.3384 0.5772796875 0.33614791718750003 0.5996625 0.33220625 0.6144421875 0.3248875 0.6165546875000001 0.3153145828125
2 0.5578546875 0.33108125 0.5565875 0.3496625 0.5739015625 0.3524770828125 0.5916390625 0.35135208281249997 0.606840625 0.3457208328125 0.61613125 0.337275 0.6110640625 0.3288291671875 0.58108125 0.33220625 0.56545625 0.32995416718750004 0.5578546875 0.33108125
0 0.8390625 0.48125 0.821875 0.5125 0.825 0.5447916671875 0.871875 0.5604166671875 0.93046875 0.559375 0.95 0.54375 0.95859375 0.5135416671875 0.9265625 0.484375 0.89765625 0.475 0.8640625 0.48020833281249997 0.8390625 0.48125
0 0.88203125 0.4302083328125 0.8953125 0.428125 0.8921875 0.415625 0.8734375 0.40625 0.84453125 0.40208333281249997 0.81796875 0.40833333281249995 0.79609375 0.4145833328125 0.79296875 0.43645833281249996 0.80859375 0.45 0.8328125 0.4583333328125 0.8359375 0.45520833281249995 0.85390625 0.43645833281249996 0.88203125 0.4302083328125
0 0.80234375 0.39791666718749996 0.796875 0.4166666671875 0.82578125 0.4125 0.85078125 0.40729166718750004 0.8734375 0.41041666718750003 0.884375 0.3947916671875 0.86328125 0.3802083328125 0.846875 0.384375 0.81953125 0.3864583328125 0.80234375 0.39791666718749996
0 0.98125 0.41875 0.975 0.39791666718749996 0.95234375 0.39375 0.9203125 0.396875 0.8921875 0.3947916671875 0.8859375 0.42083333281249996 0.89765625 0.4291666671875 0.915625 0.4291666671875 0.9296875 0.4125 0.9625 0.41979166718750005 0.98125 0.41875
0 0.6116078125 0.28720208281250004 0.5982140625000001 0.2901791671875 0.571428125 0.2916666671875 0.5619421874999999 0.2894354171875 0.5552453125000001 0.2886895828125 0.5563609375 0.3058041671875 0.5608265625 0.3162208328125 0.5602671875 0.3110125 0.5876109375 0.31845208281250004 0.6077015625 0.31026875 0.6155140625 0.3005958328125 0.6116078125 0.28720208281250004
0 0.5563609375 0.26785625 0.5541296874999999 0.28125 0.565290625 0.2879458328125 0.5786828125000001 0.29092291718749996 0.5959828125 0.2894354171875 0.608259375 0.2849708328125 0.6127234374999999 0.27901875 0.612165625 0.265625 0.598771875 0.26264791718749997 0.5842640625 0.26488125 0.5641734375 0.26264791718749997 0.5563609375 0.26785625
0 0.5619421874999999 0.2418145828125 0.561384375 0.2581854171875 0.5775671874999999 0.26339375 0.6010046874999999 0.25967291718749996 0.6171875 0.25595208281250004 0.6194203125 0.24702291718749997 0.6177453125000001 0.23958333281250002 0.598771875 0.23214375 0.5864953125000001 0.23214375 0.5758921875 0.234375 0.5619421874999999 0.2418145828125
0 0.3447921875 0.3875 0.359375 0.38888958281249997 0.3760421875 0.3847229171875 0.384375 0.3791666671875 0.3760421875 0.3625 0.3541671875 0.36111041718750003 0.346875 0.36666666718749996 0.3416671875 0.3791666671875 0.3447921875 0.3875
3 0.58125 0.2078125 0.03125 0.02265625
3 0.01171875 0.04609375 0.0234375 0.0359375
4 0.7078125 0.15703125 0.0140625 0.01640625