0 0.1025390625 0.39453125 0.060546875 0.04947916562499999
2 0.0947265625 0.37369791640625005 0.060546875 0.049479167187499985
2 0.1103515625 0.4140625 0.060546875 0.046875
0 0.294921875 0.45833333359374995 0.0625 0.05208333281249997
2 0.2880859375 0.4348958328125 0.064453125 0.0625
2 0.498046875 0.3671875 0.05859375 0.04166666562500003
2 0.5810546875 0.50390625 0.076171875 0.07552083437500005
2 0.6357421875 0.2421875 0.052734375 0.03125
0 0.857421875 0.21354166718749998 0.0546875 0.03124999999999998
2 0.859375 0.19140625 0.0546875 0.02864583437499999
0 0.9873046875 0.046875 0.025390625 0.026041665625000005
0 0.978515625 0.041015625 0.0078125 0.014322915624999998
2 0.9873046875 0.0299479171875 0.025390625 0.0234375
0 0.3720703125 0.3255208328125 0.052734375 0.046875
0 0.4951171875 0.3424479171875 0.060546875 0.0546875
0 0.6357421875 0.21614583359374998 0.052734375 0.041666667187499985
0 0.9892578125 0.01171875 0.021484375 0.0234375