0 0.0419921875 0.7962239578125001 0.083984375 0.09765625000000008
2 0.0361328125 0.77018229140625 0.072265625 0.10286458281250006
2 0.455078125 0.64713541640625 0.0859375 0.09635416718750003
2 0.2705078125 0.5520833328125 0.072265625 0.0625
2 0.357421875 0.3684895828125 0.0546875 0.0390625
0 0.546875 0.27473958359374995 0.05078125 0.033854167187499985
2 0.5439453125 0.25130208359374995 0.052734375 0.044270832812500015
2 0.625 0.17317708359375 0.04296875 0.033854167187500006
0 0.5947265625 0.11328125 0.017578125 0.0234375
2 0.5927734375 0.09765625 0.017578125 0.0234375
0 0.5908203125 0.08268229140625001 0.017578125 0.024739582812500004
2 0.5888671875 0.06510416640625001 0.017578125 0.026041667187499996
0 0.072265625 0.58072916640625 0.07421875 0.07291666718750003
0 0.263671875 0.52734375 0.07421875 0.0703125
0 0.3544921875 0.34375 0.056640625 0.046875
0 0.6630859375 0.16015625 0.044921875 0.0390625