2 0.936279296875 0.2760416671875 0.06982421875 0.046875
0 0.906005859375 0.16764322890625 0.05029296875 0.014973957812499994
2 0.5869140625 0.23990885390625002 0.05078125 0.038411457812500015
0 0.58935546875 0.2607421875 0.05078125 0.033203125
2 0.581298828125 0.47233072890625005 0.07373046875 0.06575520781249997
0 0.32763671875 0.5794270828125 0.0849609375 0.08203125
2 0.338134765625 0.6097005203125 0.08447265625 0.076171875
0 0.272216796875 0.46028645859374995 0.07080078125 0.05338541718750003
2 0.267333984375 0.4358723953125 0.06689453125 0.056640625
0 0.0537109375 0.3893229171875 0.06640625 0.05078125000000004
2 0.0625 0.41048177109374995 0.0654296875 0.04752604218750003
0 0.069580078125 0.4296875 0.06396484375 0.048177084375000054
2 0.077392578125 0.4482421875 0.06396484375 0.048828125
0 0.8857421875 0.09830729140625 0.044921875 0.020833332812499994
2 0.885498046875 0.083984375 0.04248046875 0.01822916562500001
0 0.88720703125 0.06770833281250001 0.04296875 0.01953125
2 0.888427734375 0.05696614609374999 0.03857421875 0.008463542187499996