2 0.2802734375 0.51953125 0.130859375 0.09114583437500005
0 0.330078125 0.29947916640625005 0.0546875 0.026041667187499985
2 0.3291015625 0.27799479140625005 0.056640625 0.024739582812500015
0 0.3271484375 0.2565104171875 0.056640625 0.0234375
2 0.3271484375 0.23177083359374998 0.056640625 0.026041667187499985
0 0.4833984375 0.34375 0.044921875 0.03125
2 0.4833984375 0.3138020828125 0.044921875 0.0390625
2 0.7177734375 0.34505208359374995 0.068359375 0.033854167187499985
2 0.880859375 0.3203125 0.0625 0.03125
0 0.58203125 0.30338541640625005 0.046875 0.033854167187499985
0 0.6171875 0.296875 0.05078125 0.05208333437499997
0 0.7177734375 0.31640625 0.068359375 0.0390625
0 0.80859375 0.36588541640625005 0.078125 0.044270832812500015
0 0.8857421875 0.296875 0.064453125 0.03125