0 0.19921875 0.52083333359375 0.1328125 0.07291666718750003
0 0.2998046875 0.7265625 0.220703125 0.125
0 0.5712890625 0.47265625 0.115234375 0.06510416562499995
2 0.5419921875 0.4348958328125 0.072265625 0.03125
0 0.5439453125 0.40625 0.072265625 0.03645833437500001
0 0.7314453125 0.41536458359374995 0.064453125 0.028645832812499973
2 0.7333984375 0.390625 0.064453125 0.03125
0 0.751953125 0.36979166640625005 0.05078125 0.020833332812500015
0 0.650390625 0.3671875 0.0390625 0.020833334374999967
2 0.6513671875 0.35286458359374995 0.037109375 0.018229167187499985
0 0.6513671875 0.33723958359374995 0.037109375 0.018229167187499985
2 0.3037109375 0.63020833359375 0.224609375 0.15104166718750003
2 0.5693359375 0.52083333359375 0.115234375 0.05729166718750003
2 0.9755859375 0.58723958359375 0.048828125 0.08072916718750003
2 0.76953125 0.390625 0.01171875 0.020833334375000012
2 0.6533203125 0.32161458359374995 0.037109375 0.018229167187499985