2 0.1357421875 0.52864583359375 0.013671875 0.04166666718750003
2 0.2099609375 0.51953125 0.060546875 0.07552083437500005
2 0.208984375 0.46354166640625005 0.06640625 0.04166666718750003
0 0.2666015625 0.390625 0.080078125 0.03645833437500001
2 0.271484375 0.36067708359374995 0.078125 0.044270832812500015
0 0.2607421875 0.328125 0.080078125 0.04166666562500003
2 0.25390625 0.29947916640625005 0.08203125 0.041666667187499985
0 0.4287109375 0.3033854171875 0.056640625 0.0234375
0 0.427734375 0.28125 0.0546875 0.03125
2 0.4375 0.2604166671875 0.0546875 0.03125
2 0.4384765625 0.23567708359374998 0.056640625 0.033854167187499985
2 0.5048828125 0.4036458328125 0.044921875 0.04687499999999996
0 0.564453125 0.4856770828125 0.09375 0.0546875
2 0.5498046875 0.44921875 0.095703125 0.06510416562499995
0 0.568359375 0.41015625 0.09375 0.0546875
2 0.57421875 0.375 0.09375 0.05208333437500001
0 0.7392578125 0.55989583359375 0.138671875 0.08854166718750003
2 0.75390625 0.515625 0.14453125 0.08333333437500005
2 0.7373046875 0.65755208359375 0.134765625 0.08072916718750003
2 0.7412109375 0.6158854171875 0.138671875 0.0859375
0 0.248046875 0.26822916640625005 0.08203125 0.041666667187499985
0 0.5751953125 0.3372395828125 0.095703125 0.0546875
0 0.763671875 0.46484375 0.1484375 0.0859375
0 0.7763671875 0.40755208359374995 0.150390625 0.09114583281250002