0 0.3935546875 0.8190104171874999 0.099609375 0.11718749999999992
0 0.20703125 0.85286458359375 0.109375 0.12239583281249997
0 0.416015625 0.4264322921875 0.05859375 0.05078125
0 0.55078125 0.30729166640625005 0.046875 0.036458332812500015
0 0.40234375 0.2513020828125 0.04296875 0.0234375
2 0.40234375 0.23567708281250002 0.04296875 0.0234375
0 0.40234375 0.21875 0.04296875 0.026041665625000033
2 0.400390625 0.19791666718749998 0.04296875 0.03124999999999998
2 0.4951171875 0.3138020828125 0.048828125 0.0390625
2 0.5439453125 0.26953125 0.044921875 0.03385416562500003
2 0.3662109375 0.6145833328125 0.080078125 0.078125
2 0.748046875 0.74739583359375 0.09765625 0.10416666718750003
2 0.7919921875 0.5104166671875 0.060546875 0.046875