2 0.3515625 0.70833333359375 0.125 0.11979166718750003
2 0.25 0.42708333359374995 0.07421875 0.05208333281249997
2 0.1962890625 0.427734375 0.044921875 0.05859375
0 0.02734375 0.44466145859374995 0.0546875 0.04557291718750003
2 0.02734375 0.408203125 0.0546875 0.05598958437500001
2 0.015625 0.3561197921875 0.03125 0.05078125
2 0.060546875 0.36328125 0.0625 0.0390625
0 0.419921875 0.44140625 0.07421875 0.0546875
2 0.421875 0.3997395828125 0.06640625 0.03906249999999996
2 0.3994140625 0.2526041671875 0.044921875 0.03125
2 0.7109375 0.5729166671875 0.0234375 0.0625
2 0.7822265625 0.58203125 0.048828125 0.08072916562499995
2 0.9482421875 0.34765625 0.068359375 0.0390625
0 0.009765625 0.32486979140625005 0.01953125 0.045572917187499985
0 0.8310546875 0.8177083328125001 0.158203125 0.15625000000000008