2 0.33203125 0.107421875 0.05078125 0.032552084375
2 0.3251953125 0.06640625 0.052734375 0.033854165625
0 0.3212890625 0.04296875 0.052734375 0.0390625
0 0.3291015625 0.08723958359375 0.052734375 0.033854167187500006
0 0.48828125 0.15364583359375 0.05859375 0.036458332812499994
2 0.515625 0.28385416640625005 0.07421875 0.036458332812500015
0 0.5107421875 0.2421875 0.072265625 0.0625
0 0.8427734375 0.05338541640625001 0.056640625 0.028645832812500004
2 0.486328125 0.1276041671875 0.05859375 0.046875
2 0.76953125 0.22981770781250002 0.078125 0.05859375
2 0.8427734375 0.02734375 0.056640625 0.0390625
2 0.4873046875 0.8619791671874999 0.146484375 0.18749999999999992
2 0.970703125 0.89388020859375 0.05859375 0.19401041718749995
0 0.97265625 0.95833333359375 0.0546875 0.08333333281250006