0 0.08984375 0.3723958328125 0.15625 0.07812499999999996
2 0.0966796875 0.31901041640625005 0.158203125 0.07552083281250002
0 0.109375 0.45963541640625005 0.1484375 0.07552083281249997
2 0.10546875 0.4069010421875 0.1484375 0.07421875000000004
2 0.55078125 0.31770833359374995 0.0625 0.036458332812500015
2 0.3603515625 0.28125 0.056640625 0.026041665625000033
0 0.439453125 0.2565104171875 0.046875 0.0234375
2 0.439453125 0.23697916640625002 0.046875 0.026041667187499985
0 0.359375 0.25651041640625005 0.05859375 0.033854167187499985
2 0.384765625 0.22526041640625002 0.0390625 0.018229167187499985
0 0.384765625 0.20963541640625002 0.0390625 0.018229167187499985
2 0.384765625 0.1953125 0.0390625 0.01822916562500001
0 0.7587890625 0.29427083359374995 0.013671875 0.010416667187499984
2 0.7607421875 0.27864583359374995 0.017578125 0.026041667187499985
0 0.0869140625 0.2578125 0.162109375 0.09895833437499997
0 0.3837890625 0.17838541640625 0.041015625 0.018229167187500006