0 0.203125 0.34635416640625 0.1953125 0.13020833281249997
2 0.21484375 0.52604166640625 0.171875 0.08854166718750003
0 0.203125 0.48697916640625005 0.18359375 0.10416666718750003
0 0.22265625 0.58463541640625 0.171875 0.10677083281249997
2 0.38671875 0.3020833328125 0.0625 0.03125
0 0.3857421875 0.27473958359374995 0.064453125 0.033854167187499985
2 0.3798828125 0.23046875 0.041015625 0.018229165625000033
0 0.3798828125 0.21484375 0.041015625 0.018229165625000033
0 0.37890625 0.1796875 0.04296875 0.020833334375000012
0 0.453125 0.2643229171875 0.05078125 0.0234375
2 0.8017578125 0.27213541640625005 0.041015625 0.028645832812500015
0 0.830078125 0.28841145859374995 0.0078125 0.014322917187499984
0 0.798828125 0.287109375 0.0390625 0.016927084374999967
2 0.8310546875 0.27278645859374995 0.005859375 0.014322917187499984
2 0.6044921875 0.33203125 0.060546875 0.0390625
2 0.59375 0.3359375 0.00390625 0.005208334374999968
2 0.453125 0.2421875 0.05078125 0.026041665625000033
2 0.2119140625 0.4231770828125 0.185546875 0.10156249999999996
2 0.0185546875 0.4420572921875 0.037109375 0.06640625