0 0.1298828125 0.55729166640625 0.150390625 0.08333333281249997
2 0.26953125 0.6888020828125 0.25390625 0.1796875
2 0.529296875 0.546875 0.1171875 0.0625
2 0.95703125 0.60872395859375 0.0859375 0.09244791718750003
0 0.5322265625 0.49739583359374995 0.119140625 0.06770833281249997
2 0.48828125 0.45442708359374995 0.07421875 0.03385416718750003
0 0.671875 0.43098958359374995 0.0625 0.028645832812499973
2 0.673828125 0.40625 0.0625 0.03125
0 0.5869140625 0.36783854140625005 0.037109375 0.016927082812500015
2 0.5869140625 0.36848958359374995 0.037109375 0.018229167187499985
0 0.587890625 0.35286458359374995 0.0390625 0.018229167187499985
2 0.5888671875 0.33723958359374995 0.037109375 0.018229167187499985
0 0.265625 0.80078125 0.25 0.1484375
0 0.490234375 0.42447916640625005 0.07421875 0.03645833281249997
0 0.6865234375 0.38541666640625005 0.048828125 0.026041667187499985