2 0.2099609375 0.17578125 0.064453125 0.0546875
0 0.2236328125 0.23958333359374998 0.060546875 0.041666667187499985
2 0.21875 0.22265625 0.05859375 0.0390625
0 0.21484375 0.203125 0.0625 0.04166666562500001
0 0.39453125 0.37890625 0.06640625 0.0390625
2 0.392578125 0.34765625 0.06640625 0.0703125
0 0.611328125 0.32942708359374995 0.06640625 0.06510416718749998
2 0.611328125 0.328125 0.02734375 0.015625
2 0.611328125 0.3580729171875 0.0625 0.0390625
2 0.78125 0.24739583359374998 0.05859375 0.041666667187499985
2 0.85546875 0.6171875 0.08203125 0.09375
2 0.99609375 0.2981770828125 0.0078125 0.0390625
2 0.228515625 0.8684895828125001 0.09765625 0.1328125
0 0.5048828125 0.23046875 0.083984375 0.0703125
0 0.482421875 0.22526041718749998 0.0390625 0.05468749999999998
0 0.6220703125 0.2747395828125 0.060546875 0.0546875
0 0.6865234375 0.421875 0.068359375 0.07291666562499999
0 0.9189453125 0.45703125 0.072265625 0.07552083437500005
0 0.7890625 0.22526041718749998 0.05859375 0.05468749999999998