0 0.109619140625 0.7822265625 0.21923828125 0.169921875
2 0.369873046875 0.51334635390625 0.08837890625 0.04231770781249997
0 0.37158203125 0.4775390625 0.0869140625 0.046223959375000054
2 0.957275390625 0.5849609375 0.08544921875 0.08658854062499995
2 0.559814453125 0.62109375 0.13330078125 0.0703125
0 0.56103515625 0.56217447890625 0.134765625 0.08268229218750003
0 0.532470703125 0.45149739609374995 0.01904296875 0.026692707812499973
2 0.53271484375 0.4254557296875 0.01953125 0.029296875
0 0.4970703125 0.4524739578125 0.033203125 0.02734375
2 0.49658203125 0.42610677109374995 0.0322265625 0.030598957812499973
0 0.484375 0.4013671875 0.048828125 0.024088540624999988
2 0.473388671875 0.42317708359374995 0.02783203125 0.020833332812499973
2 0.358154296875 0.35970052109374995 0.04345703125 0.018880207812500015
0 0.35888671875 0.3772786453125 0.04296875 0.017578125
0 0.359619140625 0.40885416640625005 0.04443359375 0.018229167187499985
2 0.359375 0.3935546875 0.04296875 0.016276040624999988
2 0.743896484375 0.8916015625 0.35205078125 0.216796875