2 0.212890625 0.4794921875 0.220703125 0.119140625
0 0.213623046875 0.56412760390625 0.21630859375 0.10872395781249997
2 0.2265625 0.3359375 0.080078125 0.03385416562500003
0 0.226806640625 0.3662109375 0.07958984375 0.03580729062500003
0 0.294677734375 0.34147135390625005 0.05810546875 0.027994792187499985
0 0.449462890625 0.3294270828125 0.06396484375 0.02734375
2 0.44970703125 0.3541666671875 0.0634765625 0.02734375
2 0.58447265625 0.3837890625 0.0810546875 0.04231770937500001
0 0.5576171875 0.318359375 0.0498046875 0.020833334374999967
2 0.554443359375 0.337890625 0.04931640625 0.022135415625000033
2 0.739013671875 0.3203125 0.04248046875 0.022135415625000033
0 0.73583984375 0.3395182296875 0.0390625 0.021484375
2 0.810546875 0.279296875 0.037109375 0.015625
0 0.802734375 0.3209635421875 0.03125 0.015625
2 0.807861328125 0.3082682296875 0.03662109375 0.013671875
0 0.809326171875 0.29361979140625005 0.03759765625 0.013020832812500016
0 0.821533203125 0.3147786453125 0.01123046875 0.017578125
2 0.820068359375 0.33203125 0.01220703125 0.018229165625000033