0 0.7861328125 0.48828125 0.080078125 0.049479165624999946
2 0.7841796875 0.45572916640625005 0.080078125 0.05208333281249997
0 0.7939453125 0.4283854171875 0.080078125 0.0546875
0 0.7705078125 0.54296875 0.076171875 0.044270834375000054
2 0.7705078125 0.513671875 0.080078125 0.05859375
2 0.6220703125 0.4973958328125 0.064453125 0.0625
2 0.5625 0.50390625 0.06640625 0.0546875
2 0.580078125 0.34505208359374995 0.046875 0.033854167187499985
2 0.4130859375 0.47265625 0.064453125 0.049479165624999946
2 0.40234375 0.32682291640625005 0.046875 0.033854167187499985
2 0.017578125 0.373046875 0.03515625 0.03776041562500003
0 0.1865234375 0.26953125 0.041015625 0.0234375
2 0.18359375 0.25260416640625005 0.04296875 0.026041667187499985
0 0.109375 0.23567708359374998 0.0390625 0.018229167187499985
2 0.107421875 0.22265625 0.0390625 0.018229165625000033
0 0.1044921875 0.20963541640625002 0.037109375 0.018229167187499985
2 0.103515625 0.1953125 0.0390625 0.02083333437499999
0 0.4755859375 0.4401041671875 0.009765625 0.03125
0 0.4365234375 0.44140625 0.029296875 0.049479165624999946
2 0.68994140625 0.25390625 0.0205078125 0.0234375
0 0.716796875 0.2578125 0.0390625 0.03645833437499997
0 0.7607421875 0.22265625 0.033203125 0.018229165625000033
0 0.763671875 0.19661458359375 0.03515625 0.018229167187499985
0 0.4365234375 0.22721354140625002 0.013671875 0.022135417187499985
0 0.3515625 0.28385416640625005 0.0390625 0.026041667187499985
0 0.3515625 0.28385416640625005 0.0390625 0.026041667187499985
0 0.3486328125 0.2421875 0.025390625 0.010416665625000033
2 0.7890625 0.7708333328125001 0.109375 0.10937500000000008