2 0.306640625 0.328125 0.0625 0.04166666562500003
0 0.3935546875 0.39453125 0.095703125 0.04947916562499999
2 0.3935546875 0.35546875 0.095703125 0.04947916562500003
0 0.3818359375 0.3294270828125 0.099609375 0.0546875
2 0.3876953125 0.2890625 0.099609375 0.05729166562500003
2 0.6337890625 0.2799479171875 0.052734375 0.0234375
0 0.6337890625 0.25651041640625005 0.052734375 0.028645832812500015
2 0.6787109375 0.23177083281250002 0.037109375 0.015625
0 0.6787109375 0.21875 0.037109375 0.015625
2 0.6796875 0.203125 0.0390625 0.015625
0 0.732421875 0.25911458359374995 0.0234375 0.018229167187499985
2 0.734375 0.23958333359374998 0.0234375 0.026041667187499985
2 0.8125 0.3125 0.06640625 0.03645833437499997
0 0.6796875 0.1868489578125 0.0390625 0.01953125
0 0.3818359375 0.24739583359374998 0.103515625 0.06770833281250002