2 0.4609375 0.95572916640625 0.046875 0.08854166718749994
2 0.892578125 0.4921875 0.11328125 0.125
0 0.3173828125 0.45442708359374995 0.072265625 0.09635416718750003
2 0.3388671875 0.46614583359374995 0.056640625 0.08854166718750003
0 0.3173828125 0.4544270828125 0.025390625 0.0390625
0 0.59375 0.2890625 0.08203125 0.09895833437499997
2 0.5966796875 0.32291666640625005 0.076171875 0.057291667187499985
2 0.1123046875 0.44791666640625005 0.064453125 0.08854166718750003
0 0.0205078125 0.22916666640625 0.041015625 0.0729166671875
0 0.0439453125 0.25260416640625005 0.048828125 0.06770833281250002
2 0.029296875 0.24088541718749998 0.046875 0.0703125
2 0.0126953125 0.21158854140625 0.025390625 0.0690104171875
0 0.615234375 0.72526041640625 0.09375 0.12760416718750003
0 0.3681640625 0.59765625 0.076171875 0.10677083437500005
0 0.3798828125 0.34895833359374995 0.068359375 0.08854166718749998
0 0.2880859375 0.26953125 0.068359375 0.09114583437499997
0 0.2685546875 0.24739583281250002 0.056640625 0.078125
0 0.1328125 0.45833333359374995 0.05078125 0.08333333281249997