2 0.13525390625 0.3655598953125 0.16796875 0.09960937499999996
0 0.2890625 0.06770833359374999 0.06640625 0.03255208281250001
2 0.29248046875 0.0950520828125 0.06640625 0.03124999999999999
0 0.298095703125 0.12239583359375002 0.06591796875 0.029947917187500006
2 0.30517578125 0.15006510390625 0.06640625 0.027994792187500006
0 0.300537109375 0.17220052109375 0.06591796875 0.024088542187500006
0 0.465576171875 0.14192708359375 0.03857421875 0.041666667187500006
0 0.504150390625 0.13932291640625 0.00732421875 0.026041667187500006
0 0.484619140625 0.1393229171875 0.01220703125 0.0234375
2 0.504150390625 0.16243489609375 0.00732421875 0.020182292187500006
2 0.476318359375 0.1611328125 0.02783203125 0.022786459375000012
2 0.514892578125 0.1565755203125 0.02294921875 0.021484375
2 0.484130859375 0.20149739609374998 0.01123046875 0.027994792187499985
2 0.519775390625 0.20279947968749998 0.04345703125 0.03320312499999998
0 0.625244140625 0.30078125 0.13134765625 0.07682291562500003
2 0.61376953125 0.35123697890625005 0.1279296875 0.07356770781250002
2 0.924072265625 0.56477864609375 0.15185546875 0.20377604218750003
0 0.914306640625 0.6611328125 0.17138671875 0.205078125