0 0.07421875 0.42447916640625005 0.12109375 0.09895833281249997
2 0.08984375 0.4921875 0.11328125 0.078125
0 0.0791015625 0.46614583359374995 0.119140625 0.06770833281249997
2 0.1044921875 0.4368489578125 0.009765625 0.00390625
2 0.10546875 0.5729166671875 0.10546875 0.078125
2 0.0927734375 0.55078125 0.107421875 0.059895834375000054
0 0.1005859375 0.51692708359375 0.107421875 0.07552083281249997
0 0.341796875 0.40104166640625005 0.02734375 0.03645833281249997
0 0.37890625 0.42838541640625005 0.07421875 0.09635416718749998
0 0.3681640625 0.50260416640625 0.087890625 0.05208333281249997
0 0.3623046875 0.54296875 0.072265625 0.049479165624999946
2 0.5693359375 0.27994791640625005 0.064453125 0.049479167187499985
0 0.576171875 0.25390625 0.06640625 0.0546875
2 0.5556640625 0.33072916640625005 0.064453125 0.052083332812500015
0 0.5693359375 0.30859375 0.064453125 0.04427083437499997
0 0.5546875 0.35677083359374995 0.0625 0.041666667187499985
2 0.505859375 0.04036458359375 0.03515625 0.0286458328125
0 0.5361328125 0.05598958359375 0.037109375 0.0286458328125
0 0.5615234375 0.0078125 0.033203125 0.015625
0 0.119140625 0.005859375 0.02734375 0.009114584375000002
0 0.08984375 0.0065104164062499996 0.03515625 0.013020832812499999
2 0.3681640625 0.48046875 0.087890625 0.049479165624999946
2 0.34375 0.51171875 0.0390625 0.0390625
2 0.5595703125 0.55078125 0.080078125 0.08072916562499995
2 0.3720703125 0.31640625 0.064453125 0.0546875
2 0.427734375 0.31119791640625005 0.05859375 0.059895832812500015
2 0.19140625 0.10416666640624998 0.05078125 0.036458332812499994
2 0.3857421875 0.13802083359375 0.048828125 0.036458332812499994
2 0.583984375 0.05338541640625001 0.03515625 0.028645832812500004
0 0.8486328125 0.51041666640625 0.076171875 0.06770833281249997
0 0.859375 0.48893229140625005 0.07421875 0.06380208281249997
2 0.8720703125 0.47265625 0.080078125 0.07552083437500005
2 0.890625 0.45182291640625005 0.08203125 0.08072916718750003