2 0.328369140625 0.09993489609374999 0.05224609375 0.03841145781250001
0 0.333984375 0.158203125 0.05078125 0.03125
2 0.33203125 0.14095052109375 0.048828125 0.030598957812499994
0 0.330078125 0.1236979171875 0.0498046875 0.03125
2 0.48681640625 0.20833333281250002 0.0556640625 0.04687500000000002
0 0.486328125 0.23470052109374998 0.0546875 0.031901042187499985
0 0.667724609375 0.18977864531250002 0.05517578125 0.04492187500000002
0 0.67138671875 0.1624348953125 0.05078125 0.037109375
2 0.6669921875 0.21484375 0.0546875 0.03255208437499999
0 0.810302734375 0.1201171875 0.05322265625 0.041015625
2 0.80517578125 0.1416015625 0.0517578125 0.033203125
0 0.7353515625 0.2490234375 0.0595703125 0.05013020937499997
2 0.912109375 0.34049479140625005 0.0146484375 0.010416667187499984
2 0.90087890625 0.3854166671875 0.0205078125 0.01171875
2 0.86083984375 0.349609375 0.013671875 0.03645833437499997
0 0.51025390625 0.4775390625 0.09375 0.095703125
2 0.51318359375 0.5810546875 0.0849609375 0.06575520937500005
0 0.519287109375 0.560546875 0.08837890625 0.06510416562499995
2 0.5146484375 0.5397135421875 0.0888671875 0.0546875
0 0.513427734375 0.5159505203125 0.09033203125 0.056640625
2 0.518798828125 0.611328125 0.08447265625 0.06770833437500005