0 0.08984375 0.61067708359375 0.1640625 0.09635416718750003
0 0.2724609375 0.8893229171874999 0.275390625 0.17968749999999992
0 0.5146484375 0.5234375 0.123046875 0.07291666562499995
2 0.4541015625 0.4765625 0.076171875 0.036458334375000054
0 0.4560546875 0.4453125 0.076171875 0.036458334375000054
0 0.634765625 0.44270833359374995 0.0625 0.026041667187500027
0 0.541015625 0.39713541640625005 0.0390625 0.018229167187499985
2 0.541015625 0.38151041640625005 0.0390625 0.018229167187499985
0 0.541015625 0.36588541640625005 0.0390625 0.018229167187499985
2 0.634765625 0.41796875 0.0625 0.028645834375000057
0 0.6435546875 0.3951822921875 0.048828125 0.019531250000000045
2 0.541015625 0.35026041640625005 0.0390625 0.018229167187499985
2 0.513671875 0.5755208328125 0.12109375 0.0625
2 0.2744140625 0.765625 0.279296875 0.21354166562500004
2 0.9521484375 0.6171875 0.095703125 0.09375