0 0.123046875 0.64453125 0.17578125 0.10677083437500005
0 0.419921875 0.94661458359375 0.28125 0.10677083281250006
2 0.5546875 0.59375 0.125 0.06770833437500005
0 0.556640625 0.54036458359375 0.125 0.07552083281249997
2 0.45703125 0.48177083359374995 0.078125 0.03645833281249997
0 0.458984375 0.44921875 0.078125 0.0390625
0 0.62890625 0.44401041640625005 0.0546875 0.028645832812499973
0 0.513671875 0.39192708359375 0.0390625 0.018229167187500027
2 0.62890625 0.4192708328125 0.0546875 0.03125
0 0.625 0.39322916640625 0.04296875 0.020833332812499973
2 0.513671875 0.37630208359374995 0.0390625 0.018229167187499985
0 0.515625 0.361328125 0.0390625 0.016927084374999967
2 0.42578125 0.83984375 0.28515625 0.25260416562500004
2 0.9736328125 0.625 0.052734375 0.08333333437500005
2 0.515625 0.34505208359374995 0.0390625 0.018229167187499985