2 0.3056640625 0.63671875 0.099609375 0.0859375
2 0.2578125 0.72916666640625 0.10546875 0.11979166718750003
2 0.712890625 0.67838541640625 0.1015625 0.11197916718750003
0 0.4482421875 0.52278645859375 0.080078125 0.04817708281249997
2 0.453125 0.4973958328125 0.0859375 0.0625
0 0.44921875 0.45572916640625005 0.0859375 0.05729166718750003
2 0.4423828125 0.43359375 0.087890625 0.0546875
2 0.794921875 0.32942708359374995 0.0703125 0.059895832812500015
2 0.84765625 0.29296875 0.06640625 0.04427083437499997
0 0.4404296875 0.3919270828125 0.087890625 0.07031249999999996
0 0.8505859375 0.26953125 0.068359375 0.04947916562500003
0 0.861328125 0.24479166640625002 0.0703125 0.057291667187499985