2 0.274169921875 0.5048828125 0.05810546875 0.056640625
2 0.240478515625 0.5849609375 0.01220703125 0.031901040624999946
2 0.28466796875 0.56608072890625 0.0546875 0.07747395781249997
0 0.29296875 0.3434244796875 0.0634765625 0.052734375
2 0.28466796875 0.32486979140625005 0.064453125 0.053385417187499985
0 0.276123046875 0.29947916640625005 0.06591796875 0.057291667187499985
2 0.3056640625 0.3675130203125 0.064453125 0.056640625
0 0.304443359375 0.39290364609374995 0.06591796875 0.042317707812500015
2 0.427001953125 0.1490885421875 0.05126953125 0.04296875
2 0.427978515625 0.17643229140625 0.05126953125 0.029947917187500006
0 0.42236328125 0.19368489531250002 0.0498046875 0.03320312500000002
0 0.42431640625 0.21223958359375 0.0498046875 0.032552082812499994
2 0.504150390625 0.36165364609374995 0.05029296875 0.057942707812500015
0 0.547119140625 0.38671875 0.07568359375 0.06119791562499999
2 0.548583984375 0.42057291640625005 0.07568359375 0.04427083281249997
0 0.546875 0.44140625 0.07421875 0.046875
2 0.5341796875 0.47005208359374995 0.07421875 0.06380208281249997
0 0.549560546875 0.48763020859374995 0.06787109375 0.05989583281249997
0 0.676513671875 0.53873697890625 0.10107421875 0.10091145781249997
0 0.67041015625 0.58170572890625 0.0986328125 0.07486979218750003
0 0.65869140625 0.62434895859375 0.0927734375 0.07682291718750003
2 0.666748046875 0.60774739609375 0.09619140625 0.06575520781249997
2 0.66162109375 0.66178385390625 0.0927734375 0.06315104218750003
2 0.66162109375 0.6800130203125 0.0908203125 0.052734375