2 0.3984375 0.63541666640625 0.08203125 0.08854166718750003
2 0.6611328125 0.310546875 0.029296875 0.04296875
0 0.3125 0.3828125 0.0546875 0.04166666562499999
2 0.306640625 0.36328125 0.0546875 0.04427083437499997
2 0.572265625 0.19140625 0.0390625 0.03385416562500001
0 0.5390625 0.15234375 0.03125 0.0234375
2 0.537109375 0.1393229171875 0.03125 0.0234375
0 0.5341796875 0.12630208359375 0.029296875 0.018229167187500006
2 0.5283203125 0.1106770828125 0.025390625 0.02343749999999999
0 0.125 0.93294270859375 0.1171875 0.13151041718749995
2 0.1240234375 0.9375 0.044921875 0.05208333437499988
2 0.1708984375 0.94791666640625 0.060546875 0.10416666718749994
0 0.01171875 0.77408854140625 0.0234375 0.06901041718750003
2 0.0048828125 0.74153645859375 0.009765625 0.04557291718750003
2 0.900390625 0.1875 0.01171875 0.02604166562500001
2 0.9287109375 0.193359375 0.029296875 0.02213541562500001
2 0.720703125 0.22005208359374998 0.05078125 0.028645832812500015
0 0.1337890625 0.93359375 0.134765625 0.1328125
0 0.7216796875 0.203125 0.048828125 0.02604166562500001