0 0.3623046875 0.90625 0.103515625 0.14583333437499987
0 0.728515625 0.76953125 0.09375 0.12239583437499997
0 0.42578125 0.5546875 0.08203125 0.09375
0 0.6220703125 0.4986979171875 0.076171875 0.0859375
0 0.5234375 0.44661458359374995 0.07421875 0.08072916718750003
0 0.6591796875 0.3684895828125 0.072265625 0.08593749999999996
0 0.4921875 0.26171875 0.0625 0.0390625
2 0.62109375 0.10416666640624998 0.0546875 0.036458332812499994
0 0.6240234375 0.0846354171875 0.052734375 0.039062500000000014
0 0.6806640625 0.34309895859374995 0.048828125 0.055989582812500015
2 0.138671875 0.15234375 0.06640625 0.05989583437500001
2 0.4921875 0.22981770859375 0.0625 0.0638020828125
2 0.4912109375 0.22916666718749998 0.025390625 0.015625
0 0.6181640625 0.1236979171875 0.052734375 0.0390625
2 0.626953125 0.05989583359375 0.0546875 0.052083332812499994
2 0.5224609375 0.48307291640625005 0.072265625 0.04947916718750003
2 0.71484375 0.79166666640625 0.078125 0.09895833281250006
2 0.73046875 0.7662760421875 0.03125 0.04296875
2 0.171875 0.7578125 0.0234375 0.020833334375000057
2 0.1435546875 0.70442708359375 0.021484375 0.03385416718750003
2 0.2138671875 0.69270833359375 0.041015625 0.08854166718750003