0 0.34375 0.46614583359374995 0.09765625 0.05729166718750003
2 0.3427734375 0.42122395859374995 0.099609375 0.09244791718750003
2 0.9228515625 0.3541666671875 0.087890625 0.078125
2 0.5498046875 0.29817708359374995 0.076171875 0.044270832812500015
0 0.796875 0.10416666640624998 0.05859375 0.036458332812499994
2 0.8037109375 0.07942708359374999 0.060546875 0.04427083281250001
2 0.8720703125 0.03125 0.048828125 0.036458334375
2 0.865625 0.0234375 0.01015625 0.00546875
2 0.6005859375 0.13802083359375 0.060546875 0.036458332812499994
0 0.3232421875 0.25130208359374995 0.072265625 0.06510416718749998
0 0.3701171875 0.23567708281250002 0.072265625 0.0703125
0 0.5009765625 0.22526041640625002 0.068359375 0.059895832812500015
0 0.55078125 0.26302083359374995 0.078125 0.06770833281250002
0 0.671875 0.3033854171875 0.078125 0.0703125
0 0.8408203125 0.22005208359375 0.072265625 0.059895832812499994
0 0.9150390625 0.03515625 0.044921875 0.049479165625
0 0.6044921875 0.109375 0.060546875 0.046875