0 0.0771484375 0.83072916640625 0.154296875 0.18229166718750003
0 0.693359375 0.73567708359375 0.1640625 0.16927083281249997
0 0.6142578125 0.48046875 0.103515625 0.0859375
0 0.3408203125 0.49739583359374995 0.099609375 0.08854166718750003
2 0.4912109375 0.45833333359374995 0.091796875 0.05729166718750003
0 0.4892578125 0.41536458359374995 0.095703125 0.07552083281250002
0 0.6923828125 0.375 0.087890625 0.09375
0 0.744140625 0.3704427078125 0.03515625 0.05859375
0 0.5185546875 0.3111979171875 0.068359375 0.0390625
0 0.693359375 0.23567708359374998 0.05859375 0.028645832812500015
2 0.6943359375 0.21354166718749998 0.060546875 0.03124999999999998
0 0.6943359375 0.19010416718749998 0.060546875 0.03124999999999998
2 0.025390625 0.599609375 0.05078125 0.09505208437500005
2 0.201171875 0.2578125 0.0625 0.04166666562500003
2 0.5166015625 0.27994791640625005 0.068359375 0.049479167187499985
2 0.6943359375 0.80989583359375 0.158203125 0.10416666718749994
2 0.6962890625 0.162109375 0.060546875 0.03776041562499999