0 0.2109375 0.61848958359375 0.09375 0.09114583281249997
0 0.1962890625 0.5989583328125 0.103515625 0.09375
2 0.1904296875 0.5559895828125 0.099609375 0.1015625
2 0.1689453125 0.53125 0.111328125 0.11458333437500005
2 0.505859375 0.36588541640625005 0.078125 0.08072916718749998
2 0.828125 0.56640625 0.1015625 0.1171875
2 0.8759765625 0.5247395828125 0.095703125 0.1015625
0 0.6611328125 0.5625 0.115234375 0.13020833437500007
0 0.646484375 0.6471354171875 0.09765625 0.0703125
0 0.64453125 0.60807291640625 0.1015625 0.09635416718750003
2 0.658203125 0.60807291640625 0.1015625 0.05989583281249997
2 0.6748046875 0.25390625 0.076171875 0.06510416562500003
0 0.65625 0.27408854140625005 0.06640625 0.053385417187499985
0 0.65625 0.234375 0.078125 0.046875
2 0.6591796875 0.20833333281250002 0.080078125 0.04687500000000002
2 0.763671875 0.16015625 0.06640625 0.0546875
2 0.775390625 0.1471354171875 0.0703125 0.0390625
0 0.775390625 0.12109375 0.0703125 0.049479165625
2 0.7802734375 0.09375 0.072265625 0.052083334375
0 0.662109375 0.16927083359375 0.08203125 0.07291666718749998
0 0.787109375 0.0703125 0.07421875 0.046875
0 0.7890625 0.032552083593749996 0.07421875 0.06510416718749999