2 0.18489583359375 0.6904296875 0.1302083328125 0.095703125
2 0.95052083359375 0.5283203125 0.08854166718749994 0.072265625
2 0.39713541640625005 0.1923828125 0.11197916718749998 0.087890625
0 0.55729166640625 0.03125 0.08854166718750003 0.0625
0 0.6171875 0.0498046875 0.08333333437500005 0.087890625
0 0.76432291640625 0.1396484375 0.09114583281250006 0.076171875
2 0.7213541671875 0.234375 0.078125 0.06640625
0 0.7421875 0.220703125 0.09375 0.078125
0 0.82421875 0.333984375 0.09114583437499997 0.07421875
2 0.9765625 0.1396484375 0.046875 0.064453125
0 0.98697916640625 0.1279296875 0.02604166718749994 0.060546875
2 0.7421875 0.2197265625 0.03125 0.029296875
2 0.98828125 0.9365234375 0.0234375 0.068359375