2 0.0380859375 0.30338541640625005 0.076171875 0.049479167187499985
0 0.1376953125 0.30859375 0.130859375 0.0703125
2 0.14453125 0.26692708359374995 0.1328125 0.059895832812500015
0 0.150390625 0.38802083359375 0.125 0.05729166718750003
2 0.150390625 0.34635416640625005 0.125 0.057291667187499985
2 0.41015625 0.27864583359374995 0.0546875 0.026041667187499985
2 0.4482421875 0.23567708359374998 0.037109375 0.018229167187499985
0 0.4482421875 0.22005208359374998 0.037109375 0.018229167187499985
2 0.44921875 0.20572916640625002 0.03515625 0.020833332812500015
2 0.5810546875 0.32682291640625005 0.056640625 0.033854167187499985
0 0.140625 0.21354166718749998 0.1328125 0.07812499999999997
0 0.412109375 0.2552083328125 0.0546875 0.03125
0 0.44921875 0.19010416640625 0.0390625 0.020833332812500015
0 0.5107421875 0.2662760421875 0.005859375 0.01171875
0 0.4765625 0.26432291640625005 0.015625 0.018229167187499985
0 0.828125 0.3333333328125 0.0234375 0.015625
2 0.8310546875 0.31640625 0.025390625 0.0234375