2 0.231689453125 0.69596354140625 0.08447265625 0.09114583281249997
0 0.24267578125 0.71809895859375 0.08203125 0.08463541718750003
2 0.423583984375 0.3372395828125 0.05126953125 0.04296875
0 0.427734375 0.3567708328125 0.0498046875 0.0390625
2 0.73046875 0.95930989609375 0.134765625 0.08138020781250006
2 0.606689453125 0.42610677109374995 0.03759765625 0.057942707812500015
0 0.5146484375 0.2666015625 0.044921875 0.037109375
2 0.303955078125 0.26985677109374995 0.04345703125 0.034505207812500015
0 0.30810546875 0.287109375 0.0439453125 0.03255208437499997
2 0.31298828125 0.302734375 0.04296875 0.03255208437499997
0 0.3173828125 0.31705729140625005 0.0439453125 0.033854167187499985
0 0.58935546875 0.2897135421875 0.0380859375 0.04296875
2 0.591796875 0.318359375 0.037109375 0.0234375
0 0.755615234375 0.20052083359374998 0.04931640625 0.037760417187499985
2 0.754638671875 0.22298177031250002 0.05029296875 0.029296875
2 0.970703125 0.19791666718749998 0.05859375 0.03124999999999998
0 0.97021484375 0.22005208359374998 0.0595703125 0.029947917187499985